3474.05 0.17111132 0.18264936 0.21476227 0.13473329
3477.6042 0.062946044 0.07808541 0.19354199 0.12965664
3481.1587 -0.03638434 0.019713806 0.24319717 0.12831695
3484.7131 0.057685547 0.06976693 0.15007864 0.12847042
3488.2676 0.080320396 0.08483383 0.14544614 0.12899528
3491.8218 0.0077495165 0.0067300308 0.16392268 0.12864175
3495.3762 -0.048492335 -0.03585282 0.20383467 0.12873891
3498.9307 0.18094411 0.16147234 0.12749988 0.13041082
3502.4849 0.06801836 0.045481317 0.16575015 0.12976173
3506.0393 0.20571464 0.15349343 0.14840281 0.13239117
3509.5938 0.013119961 0.006823126 0.14385852 0.12450868
3513.148 0.025156373 0.029476233 0.16164555 0.12588388
3516.7024 0.17711537 0.18050513 0.18042453 0.13100956
3520.2568 0.0724205 0.07259104 0.16946535 0.12905332
3523.811 0.13773337 0.10386835 0.12077326 0.12894411
3527.3655 0.06361612 0.013936174 0.11814089 0.12968114
3530.92 0.23287255 0.23714057 0.111680456 0.13111635
3534.474 0.089520134 0.13820784 0.26839852 0.13068363
3538.0286 0.05437202 0.09061962 0.19949073 0.13113433
3541.583 0.10962014 0.076929696 0.12559515 0.128474
3545.1372 0.19224541 0.15090185 0.17951001 0.13052775
3548.6917 0.15030256 0.18838613 0.25220662 0.13199282
3552.246 0.08939603 0.050613936 0.15707192 0.12673377
3555.8003 0.13669859 0.119266 0.25769648 0.13356014
3559.3547 0.26777905 0.2699962 0.1631283 0.1314809
3562.9092 0.23776147 0.23220322 0.28284085 0.13671245
3566.4634 0.11010582 0.079010084 0.32389757 0.132906
3570.0178 0.17985523 0.2192567 0.20879641 0.12928948
3573.5723 0.11794485 0.06868749 0.22265565 0.13018706
3577.1265 0.24571528 0.2323528 0.16117536 0.13031827
3580.681 0.34815812 0.30934244 0.13620006 0.13235375
3584.2354 0.20434825 0.18244618 0.20382977 0.12977505
3587.7896 0.09930183 0.11826174 0.20953499 0.12662771
3591.344 0.02053438 0.08059085 0.24185295 0.12492858
3594.8984 0.36472076 0.3420124 0.18440329 0.13485928
3598.4526 0.24487476 0.24961795 0.15094732 0.12900008
3602.007 0.052067578 0.043949638 0.27471963 0.12790108
3605.5615 0.23672965 0.24267094 0.2542301 0.13317332
3609.1157 0.09592393 0.07988636 0.25113747 0.1264177
3612.6702 0.2412589 0.2634013 0.24304184 0.13128793
3616.2246 0.013324928 0.0039771465 0.22875363 0.12422601
3619.7788 0.2075324 0.1704247 0.2190008 0.13192417
3623.3333 0.24295905 0.22880279 0.18829587 0.12879023
3626.8877 -0.051995143 -0.046154935 0.29319847 0.12618017
3630.442 0.12077736 0.10114178 0.18781811 0.124690786
3633.9963 0.18860015 0.17725927 0.23588596 0.12905525
3637.5508 0.22844902 0.23688167 0.3326041 0.13223226
3641.105 0.11157668 0.100376725 0.3006142 0.12952992
3644.6594 0.08640969 0.120620914 0.27491194 0.12735622
3648.2139 0.2667007 0.27990794 0.25864244 0.13150537
3651.7683 0.44071048 0.40363365 0.23977572 0.13621144
3655.3225 0.48550004 0.43860242 0.19371556 0.13469101
3658.877 0.42772442 0.38257012 0.25593054 0.13511671
3662.4314 0.10733249 0.061820775 0.2849351 0.12783907
3665.9856 0.48866668 0.42308602 0.13138975 0.13173892
3669.54 0.23662074 0.24682713 0.25539598 0.12873872
3673.0945 0.5575572 0.6063099 0.20373505 0.13531438
3676.6487 0.066637695 0.108014755 0.2722143 0.12246713
3680.2031 0.35006094 0.41904992 0.22124885 0.12888867
3683.7576 0.24073637 0.24765284 0.31616637 0.13053988
3687.3118 0.3397374 0.37900877 0.24904968 0.13004257
3690.8662 0.3498534 0.30383703 0.26899332 0.1324413
3694.4207 0.5305886 0.51095766 0.22321527 0.13643155
3697.9749 0.433356 0.3966782 0.22843078 0.13332973
3701.5293 0.4510072 0.40145013 0.22600435 0.13317461
3705.0837 0.2570181 0.25795957 0.17986572 0.12588987
3708.638 0.32136962 0.2730392 0.27724794 0.13089517
3712.1924 0.3445325 0.2898481 0.21427977 0.12942287
3715.7468 0.27999893 0.2766072 0.31791762 0.13139033
3719.301 0.234105 0.21838391 0.31908068 0.12974803
3722.8555 0.6484879 0.58547795 0.21030064 0.13794246
3726.41 0.32712942 0.33701384 0.21259728 0.12751661
3729.964 0.37143832 0.39069006 0.22204767 0.12931934
3733.5186 0.7401094 0.6798974 0.19650668 0.1400642
3737.073 0.49112478 0.45003223 0.27758187 0.13458276
3740.6272 0.42728785 0.40438318 0.29453862 0.13407786
3744.1816 0.53254825 0.48731378 0.21967618 0.13445546
3747.736 0.68826574 0.63472456 0.22826444 0.13891175
3751.2903 0.27868336 0.29770663 0.30404747 0.12859738
3754.8447 0.61692387 0.545314 0.19038677 0.1360109
3758.3992 0.55373544 0.51494896 0.29931846 0.13632126
3761.9534 0.27963927 0.30733058 0.408766 0.1321135
3765.5078 0.3353923 0.35573262 0.21355975 0.12667127
3769.0623 0.44872445 0.40408015 0.21404132 0.13156159
3772.6165 0.8191337 0.74679327 0.21573375 0.1411389
3776.171 0.66541904 0.6274929 0.28397298 0.1388002
3779.7253 0.5693009 0.54714936 0.25377312 0.13411754
3783.2795 0.6724242 0.6283272 0.25563222 0.138256
3786.834 0.5719624 0.52168894 0.24471502 0.13450746
3790.3884 0.42062074 0.37747532 0.31356165 0.1327975
3793.9426 0.60214025 0.56924826 0.2653731 0.13637389
3797.497 0.43519142 0.39934337 0.35877317 0.13444027
3801.0515 0.56174105 0.5212292 0.17879422 0.13101473
3804.6057 0.16146453 0.16016132 0.31664193 0.12366478
3808.1602 0.83314216 0.787871 0.27986985 0.14283605
3811.7146 0.56949645 0.5260725 0.2733947 0.13457759
3815.269 0.75500023 0.7360142 0.2584081 0.13908571
3818.8232 0.5293746 0.46113774 0.27865905 0.1332437
3822.3777 0.77933735 0.74783516 0.27416763 0.14013398
3825.9321 0.7801765 0.7420656 0.2501639 0.13831915
3829.4863 0.79512686 0.72475934 0.35583684 0.14269565
3833.0408 0.6732052 0.6288304 0.2804596 0.13763893
3836.5952 0.6706857 0.63914514 0.3620154 0.13877031
3840.1494 0.7429916 0.724542 0.2918127 0.13805215
3843.7039 0.616778 0.5592026 0.2402671 0.13379024
3847.2583 0.66162753 0.6544717 0.2582856 0.13573201
3850.8125 0.31083232 0.29626933 0.29248694 0.12554365
3854.367 0.79188436 0.7907724 0.24900892 0.1386846
3857.9214 0.6947128 0.66553664 0.3284277 0.13741678
3861.4756 0.92079866 0.8487453 0.22089298 0.14136621
3865.03 0.6594074 0.6239299 0.27541843 0.13689081
3868.5845 0.6060759 0.5915112 0.28103927 0.13351147
3872.1387 0.40153044 0.41883922 0.3419104 0.12916243
3875.693 0.5752845 0.59883493 0.26802036 0.13230044
3879.2476 0.9331134 0.8618101 0.28272977 0.14302918
3882.8018 0.91513175 0.8591331 0.3219778 0.14348853
3886.3562 0.83110166 0.8198332 0.30120075 0.1394368
3889.9106 0.73707515 0.67959446 0.30334178 0.13895033
3893.4648 0.68342423 0.65891355 0.34767947 0.1368718
3897.0193 0.6165859 0.6024282 0.3396921 0.13552456
3900.5737 0.5438567 0.5223505 0.39463085 0.13545325
3904.128 0.8567693 0.8327355 0.35295966 0.14178176
3907.6824 1.1793816 1.1325995 0.2823411 0.14734063
3911.2368 0.8754699 0.8613746 0.36106485 0.1432417
3914.791 0.76336455 0.69997525 0.3451542 0.14004005
3918.3455 0.9681011 0.9302213 0.2611045 0.14330639
3921.9 0.824954 0.8005705 0.26246363 0.13865393
3925.454 1.0036719 0.9201301 0.26962093 0.14330341
3929.0085 0.7342494 0.6529729 0.34657776 0.13890505
3932.563 1.1807978 1.1478897 0.35668528 0.14941096
3936.1172 0.96636814 0.91798466 0.2852826 0.14262241
3939.6716 0.824708 0.80030906 0.30204085 0.13811815
3943.226 1.1645269 1.1140357 0.32647312 0.14806531
3946.7803 1.0331004 1.0092047 0.31126198 0.14497656
3950.3347 0.93862396 0.9301647 0.38002467 0.1441579
3953.8892 1.158211 1.095894 0.20840734 0.14457561
3957.4434 1.1398885 1.0760491 0.24767086 0.14643198
3960.9978 1.1161641 1.025816 0.1890632 0.14393497
3964.5522 1.1205766 1.07542 0.30502665 0.1471094
3968.1064 1.4409963 1.3400308 0.29115224 0.15417606
3971.661 1.0642135 1.0816653 0.29339465 0.1439223
3975.2153 0.9937285 1.0506338 0.35050392 0.14537409
3978.7698 1.1742256 1.1558195 0.34751362 0.14829
3982.324 1.3456118 1.3023936 0.35323676 0.15264128
3985.8784 1.4962962 1.4340057 0.3984323 0.15776996
3989.4329 1.3208333 1.2592667 0.40288407 0.15362433
3992.987 1.3541554 1.2552867 0.41124874 0.1546715
3996.5415 1.1440676 1.187074 0.37712982 0.14680438
4000.096 1.1954007 1.1752479 0.48745838 0.15243445
4003.6501 1.1475673 1.0972995 0.4750445 0.14948384
4007.2046 1.0412086 1.0059342 0.3957071 0.14588507
4010.759 1.2620797 1.1920577 0.43914163 0.15231939
4014.3132 1.1678574 1.0819302 0.52225184 0.15153527
4017.8677 1.2818145 1.188344 0.44122696 0.1535649
4021.422 1.3090215 1.3432451 0.43189076 0.15244406
4024.9763 1.431897 1.4532721 0.44428998 0.15527314
4028.5308 1.183122 1.1323365 0.4256082 0.14922546
4032.0852 1.3866389 1.3456162 0.32679772 0.15217616
4035.6394 1.4295806 1.366759 0.39534107 0.15432853
4039.1938 1.0693337 1.0144384 0.4637274 0.14775662
4042.7483 1.4771973 1.4178677 0.52706546 0.1581825
4046.3025 1.3059151 1.2874272 0.45232165 0.15202159
4049.857 1.5997934 1.528253 0.41447526 0.15941997
4053.4114 1.7800277 1.7136401 0.40805027 0.16248432
4056.9656 1.65963 1.623575 0.45438632 0.16083874
4060.52 1.6734828 1.6313883 0.53668964 0.163631
4064.0745 1.8068722 1.7212123 0.4443649 0.16474742
4067.6287 1.3656901 1.3096545 0.51673526 0.15569198
4071.183 1.3211322 1.2601297 0.49538976 0.15386665
4074.7375 2.206332 2.0790906 0.46767205 0.17362078
4078.2917 1.9809271 1.8628843 0.5300469 0.17023051
4081.8462 2.0137448 1.9294506 0.5261344 0.17058899
4085.4006 1.7528341 1.7171519 0.44975287 0.16265567
4088.9548 2.083226 1.977752 0.45795125 0.17038792
4092.5093 2.2857535 2.278163 0.5307403 0.17611663
4096.0635 2.369791 2.274514 0.46296132 0.17643833
4099.618 2.0307095 1.9577702 0.48373252 0.16914518
4103.1724 1.8127774 1.8034804 0.5108295 0.16530675
4106.7266 2.142912 2.1879604 0.37537768 0.16776778
4110.2812 2.463444 2.4162805 0.42670453 0.17785609
4113.8354 1.8541182 1.8581994 0.4689406 0.16434701
4117.3896 1.8069692 1.7488024 0.45839673 0.16361105
4120.9443 1.965074 1.9187092 0.4894399 0.16788727
4124.4985 2.74456 2.6358068 0.5165008 0.18466893
4128.0527 3.3221326 3.2070003 0.56926316 0.19649097
4131.6074 3.6561358 3.580716 0.4767628 0.19990973
4135.1616 3.3149817 3.2332294 0.44004425 0.193441
4138.716 3.3848498 3.2542114 0.53473336 0.19686253
4142.2705 2.7244039 2.6353333 0.55104 0.18423487
4145.8247 3.0570605 2.9723644 0.45813546 0.18886061
4149.379 3.6694987 3.5473762 0.36013633 0.19897166
4152.9336 3.7283626 3.5582366 0.39864233 0.20160788
4156.488 4.1386657 3.996737 0.49203685 0.20963264
4160.042 4.111091 3.965892 0.5694812 0.20980775
4163.5967 4.2398863 4.1294665 0.5034083 0.21151096
4167.151 4.004989 3.8277469 0.56177336 0.20855846
4170.705 3.731109 3.6547 0.6782243 0.20489347
4174.26 3.4732683 3.3212512 0.44538608 0.19677362
4177.814 2.8739676 2.7975013 0.5104735 0.18625271
4181.368 1.9285159 1.8742014 0.58862597 0.16881125
4184.923 1.9484965 1.9029726 0.49213165 0.16761994
4188.477 2.1261487 2.0389977 0.4020959 0.16911279
4192.0312 1.6880634 1.665613 0.5235155 0.16107513
4195.586 2.4663029 2.4140782 0.43728882 0.17616354
4199.14 2.9762821 2.9201014 0.4183346 0.18672626
4202.6943 3.1084127 3.0053089 0.5103974 0.19179484
4206.249 3.402933 3.3046427 0.4527576 0.19519053
4209.803 3.139788 3.0535161 0.48943746 0.19061366
4213.3574 3.5891054 3.5057611 0.47385076 0.19876297
4216.912 3.5202203 3.4193416 0.5094031 0.19836564
4220.4663 3.4345438 3.3278494 0.45421174 0.19602758
4224.0205 3.6525073 3.5251417 0.38146427 0.19891223
4227.575 3.5256634 3.42158 0.55830216 0.19950323
4231.1294 3.4155085 3.2836025 0.4725059 0.19593447
4234.684 3.5294068 3.408075 0.5450793 0.19911595
4238.2383 3.5865293 3.476702 0.40618402 0.1979769
4241.7925 3.5072808 3.393153 0.5496952 0.19870742
4245.347 3.5028307 3.4764059 0.46012145 0.19595738
4248.9014 3.2071784 3.1370409 0.4869429 0.19144453
4252.4556 3.518163 3.4204056 0.51316994 0.19751674
4256.0103 2.9884136 2.8862123 0.45731005 0.18719356
4259.5645 2.583058 2.4903243 0.49958798 0.18030016
4263.1187 2.4974003 2.4516618 0.5466975 0.17835605
4266.6733 2.585051 2.450382 0.5121205 0.18066864
4270.2275 2.4446013 2.4032202 0.468936 0.17576855
4273.7817 2.8120732 2.7203228 0.5547235 0.18521982
4277.3364 2.6301932 2.5622709 0.53717285 0.18181266
4280.8906 3.0923169 3.0196183 0.49421316 0.18997985
4284.445 2.4228578 2.361773 0.5868146 0.17783813
4287.9995 2.666296 2.64215 0.44143975 0.17954107
4291.5537 2.3349187 2.251731 0.53045666 0.17499897
4295.108 2.6812863 2.6288214 0.5019309 0.18123107
4298.6626 2.59732 2.6053293 0.42936748 0.17814049
4302.217 2.5497882 2.467073 0.48492455 0.17863294
4305.771 2.7141123 2.685579 0.36738336 0.17902611
4309.3257 2.635359 2.620661 0.4257335 0.17838798
4312.88 2.6166704 2.5785422 0.47389364 0.18014821
4316.434 2.489372 2.4217799 0.48978722 0.17688957
4319.989 2.3447387 2.2506752 0.50128174 0.174913
4323.543 2.5654204 2.4794288 0.60552853 0.18052766
4327.097 2.5373247 2.4771154 0.5335714 0.1788742
4330.652 2.5914044 2.5361283 0.58858603 0.18050486
4334.206 2.3258722 2.2765548 0.50710183 0.17361315
4337.7603 2.503529 2.5311007 0.5392719 0.17691882
4341.315 2.455156 2.4305396 0.47330508 0.17537339
4344.869 2.454813 2.389395 0.52819926 0.17656186
4348.4233 2.129304 2.0609493 0.6431047 0.17257531
4351.978 2.232289 2.2345061 0.58891433 0.17209026
4355.532 2.526065 2.56809 0.5907171 0.17853981
4359.0864 2.4555082 2.5209427 0.60729724 0.17683673
4362.641 2.1109064 2.06171 0.7014964 0.1720862
4366.1953 1.9367398 2.009929 0.70611954 0.16737355
4369.7495 2.25668 2.2810028 0.5948928 0.17328411
4373.304 2.3059213 2.2570095 0.4230344 0.17145208
4376.8584 2.0978253 2.1009412 0.57139415 0.16988416
4380.4126 2.0741935 2.0092661 0.4851295 0.16757755
4383.9673 1.7506323 1.8193954 0.5911866 0.16109626
4387.5215 2.1256797 2.0793827 0.5673407 0.17002006
4391.0757 1.970122 1.9460202 0.6819228 0.16860029
4394.6304 2.3065217 2.2981234 0.5255759 0.17231685
4398.1846 2.097861 2.0614066 0.5721353 0.16962795
4401.739 2.3152072 2.2401567 0.48861971 0.17327026
4405.2935 2.4007907 2.40809 0.49236235 0.17396563
4408.8477 2.3492725 2.3346472 0.56621546 0.17411442
4412.402 2.36849 2.3627768 0.47556892 0.1731366
4415.9565 2.2350314 2.1996047 0.75237167 0.17547859
4419.5107 2.3962047 2.356978 0.7091408 0.17802884
4423.065 2.2377849 2.2463896 0.61896074 0.1729731
4426.6196 2.289616 2.2378557 0.7057949 0.17585047
4430.174 2.333313 2.2551787 0.5738037 0.17526716
4433.728 2.5018864 2.4780693 0.6197787 0.17820717
4437.2827 2.462062 2.4190598 0.6444737 0.17843364
4440.837 2.3690202 2.3282418 0.66053647 0.17704068
4444.391 2.351811 2.3615232 0.6677443 0.17614424
4447.946 2.4752007 2.4037135 0.57205117 0.17794709
4451.5 2.2680948 2.3054645 0.7522955 0.17530549
4455.054 2.395783 2.4126563 0.6391431 0.17663537
4458.609 2.275486 2.245737 0.67365557 0.17512283
4462.163 2.727841 2.716577 0.6684893 0.18347973
4465.7173 2.766329 2.7361116 0.65075755 0.18423216
4469.272 2.785133 2.7437134 0.5871095 0.18392743
4472.826 2.7057557 2.6727974 0.5460259 0.18125209
4476.3804 2.4005063 2.4312925 0.6635258 0.17618933
4479.935 2.6443424 2.59333 0.6528399 0.18198764
4483.4893 2.2342064 2.228003 0.69825506 0.1735365
4487.0435 2.3136442 2.2435062 0.75001323 0.17722878
4490.598 2.5341725 2.5620418 0.6356498 0.17970474
4494.1523 2.8450747 2.8248143 0.578352 0.18424536
4497.7065 2.8136685 2.826715 0.59612095 0.1837255
4501.261 2.6720378 2.6277056 0.61429495 0.18214186
4504.8154 2.4862907 2.4572 0.61256975 0.17822582
4508.3696 2.424748 2.3770144 0.61850923 0.17687894
4511.9243 2.4580073 2.4703758 0.63044876 0.1771548
4515.4785 2.3504527 2.3335583 0.6962243 0.17652221
4519.0327 2.4096162 2.3672934 0.7534097 0.17887619
4522.5874 2.5590332 2.5579195 0.69211614 0.18046482
4526.1416 2.707051 2.6832216 0.56872773 0.18156233
4529.696 2.3778162 2.330493 0.7045542 0.17827825
4533.2505 2.2632773 2.175545 0.6593608 0.17485598
4536.8047 2.7027924 2.700158 0.57818764 0.18117861
4540.359 2.242802 2.2253015 0.6452707 0.173197
4543.9136 2.5084891 2.4626675 0.73207736 0.18039173
4547.468 2.8658357 2.878858 0.6190699 0.18505096
4551.022 2.463263 2.4413447 0.6026736 0.17780982
4554.5767 2.6415408 2.5801105 0.57362646 0.1807149
4558.131 2.6520185 2.5778272 0.65819997 0.18240935
4561.6855 2.6960776 2.700081 0.6558339 0.18250895
4565.2397 2.5435865 2.474955 0.6479883 0.17971489
4568.794 2.5024722 2.490952 0.646603 0.17896481
4572.3486 2.5620513 2.4945073 0.5351278 0.17885663
4575.903 2.4919076 2.5147264 0.69725776 0.17948438
4579.457 2.4178066 2.345314 0.7903242 0.18015306
4583.0117 2.8435004 2.8077106 0.72329366 0.18663526
4586.566 2.6931958 2.7552404 0.69089407 0.18229583
4590.12 2.7924469 2.7632816 0.68278605 0.18547316
4593.675 2.61228 2.5714698 0.70084006 0.18236361
4597.229 2.6356986 2.6789837 0.66582304 0.1811085
4600.783 2.5217557 2.4748387 0.61308044 0.17881216
4604.338 2.5133479 2.4701724 0.77388495 0.1809209
4607.892 2.59555 2.5687008 0.6416736 0.17997052
4611.4463 2.3270693 2.2690437 0.776247 0.17771557
4615.001 2.3310704 2.347771 0.6544538 0.17485452
4618.555 2.7862244 2.6990867 0.6236937 0.18457007
4622.1094 2.5967202 2.5769088 0.6051022 0.17958608
4625.664 2.4889953 2.4950743 0.62584114 0.1780739
4629.2183 2.7095327 2.6507027 0.7134224 0.18458544
4632.7725 2.663036 2.6177726 0.6357269 0.18213229
4636.327 2.666866 2.687595 0.5980091 0.18169841
4639.8813 2.6547053 2.6236522 0.66262144 0.18207805
4643.4355 2.6135564 2.6350536 0.7053841 0.18135276
4646.99 2.661533 2.6773102 0.61447513 0.18135037
4650.5444 2.7493556 2.7039363 0.6136544 0.18325105
4654.0986 2.5425208 2.5083497 0.68291086 0.18021737
4657.6533 2.654768 2.6769032 0.7193021 0.182702
4661.2075 2.6733024 2.6487195 0.6123031 0.1815205
4664.7617 2.8221042 2.7672505 0.69394 0.18575191
4668.3164 2.668963 2.554745 0.8458258 0.18648045
4671.8706 2.6589096 2.568371 0.7420556 0.18427196
4675.425 2.541941 2.5443418 0.7677828 0.18172693
4678.9795 2.46034 2.4014614 0.6827562 0.1785584
4682.5337 2.4170825 2.365896 0.6860662 0.17770016
4686.088 3.0615003 3.0530677 0.6616173 0.18975191
4689.6426 3.1150448 3.060912 0.6271606 0.19030705
4693.197 2.6979282 2.635803 0.77257735 0.18554996
4696.751 3.0375626 3.0383286 0.6813686 0.18949257
4700.3057 2.8726969 2.8316417 0.6716095 0.18623403
4703.86 2.9173555 2.953971 0.5409805 0.18454342
4707.414 3.0048993 2.997149 0.6985099 0.18905021
4710.9688 3.0529702 2.9190671 0.67502165 0.19073516
4714.523 3.117298 3.0641174 0.613237 0.19089524
4718.077 3.2673852 3.248516 0.54777455 0.19191423
4721.632 3.100919 3.082519 0.58411884 0.18915606
4725.186 2.7938838 2.8413105 0.7032132 0.18467563
4728.74 3.2721608 3.2216275 0.5472104 0.19232899
4732.295 3.0266035 3.0218039 0.78406703 0.19134445
4735.849 3.482953 3.4067066 0.5234297 0.1957426
4739.4033 2.937128 2.834581 0.68944967 0.188754
4742.958 3.1365554 3.0632954 0.7638439 0.19324027
4746.512 3.1837656 3.1756153 0.6563198 0.19175223
4750.0664 3.1343684 3.1028624 0.64319366 0.19115011
4753.621 3.230329 3.1640007 0.73993057 0.19461122
4757.1753 3.2483523 3.1538568 0.6339874 0.19354975
4760.7295 3.1109047 2.9967012 0.7617464 0.1935826
4764.284 3.612765 3.5288732 0.65795875 0.20069833
4767.8384 3.242339 3.2054331 0.7487842 0.19447778
4771.3926 3.3002412 3.230132 0.5212347 0.19223452
4774.9473 3.1768248 3.0981314 0.6525671 0.19218932
4778.5015 3.6605697 3.5478625 0.6756146 0.20217225
4782.0557 3.2354186 3.2180758 0.7194596 0.19517188
4785.6104 3.5003562 3.4391968 0.7072395 0.1987927
4789.1646 3.1781106 3.1121466 0.7254802 0.1935419
4792.7188 3.2660735 3.2348118 0.7221979 0.19474594
4796.2734 3.5720334 3.5790381 0.55996615 0.19775504
4799.8276 3.204815 3.1439474 0.6211725 0.19246465
4803.382 3.7714913 3.6933877 0.6627233 0.2034482
4806.9365 3.347587 3.3069563 0.6680131 0.1950154
4810.4907 2.8845918 2.8636055 0.5904543 0.18607605
4814.045 3.3514376 3.2923052 0.7334472 0.19665177
4817.5996 3.2796996 3.2022123 0.63965863 0.19462779
4821.154 3.4528296 3.3796906 0.62150687 0.19653113
4824.708 2.7490005 2.6604826 0.67670804 0.18570733
4828.2627 2.949155 2.9348066 0.7051379 0.18809712
4831.817 2.8568537 2.731885 0.68318623 0.1874706
4835.371 2.9129956 2.8366475 0.6721045 0.18777393
4838.926 2.9762838 2.9480414 0.66080254 0.18817165
4842.48 2.9560492 2.894726 0.75114393 0.1897998
4846.034 3.1086617 3.037543 0.6381823 0.19090533
4849.589 2.9236326 2.814847 0.6117936 0.18736576
4853.143 3.112542 3.0635557 0.6269233 0.19044788
4856.6973 2.865547 2.7958727 0.6785445 0.18708868
4860.252 2.7695246 2.6693268 0.62528217 0.18454386
4863.806 2.9771721 2.9263313 0.65065694 0.18808715
4867.3604 2.4957137 2.5094943 0.6552446 0.17865567
4870.915 2.864807 2.811888 0.6469375 0.18618466
4874.469 2.859671 2.7766724 0.6054519 0.1859842
4878.0234 2.769077 2.7600565 0.58067155 0.18284391
4881.578 2.8545542 2.8099139 0.66507083 0.18573083
4885.1323 2.8170938 2.802828 0.67963845 0.18566088
4888.687 2.8327186 2.7808812 0.651046 0.18637137
4892.241 2.6697278 2.5946457 0.6626712 0.18253815
4895.7954 2.855014 2.7803986 0.70635766 0.18676883
4899.35 2.9786317 2.916337 0.6241813 0.18809639
4902.9043 2.8866026 2.7995594 0.606618 0.18681452
4906.4585 2.6447022 2.6067958 0.68475133 0.18316248
4910.013 3.0898838 2.9585655 0.6530965 0.19193003
4913.5674 3.1271021 3.109828 0.6665765 0.19193706
4917.1216 2.9965327 2.9592817 0.5433456 0.18657205
4920.6763 3.2000272 3.2003746 0.53910583 0.19055709
4924.2305 2.989487 2.8949945 0.5558489 0.18734302
4927.7847 3.023642 2.9227514 0.69946367 0.19172375
4931.3394 2.928623 2.8505366 0.63227564 0.18746927
4934.8936 2.7785835 2.7730005 0.64087224 0.18411009
4938.4478 2.7229366 2.705519 0.61051226 0.18253803
4942.0024 2.8946438 2.8859203 0.6915048 0.18706983
4945.5566 2.9199324 2.8868752 0.75319976 0.1890251
4949.111 2.9736135 2.9591477 0.5611961 0.18696316
4952.6655 2.9158661 2.8806214 0.6169367 0.18687434
4956.2197 2.7624454 2.777172 0.68530357 0.18469375
4959.774 3.2258518 3.166528 0.5975257 0.19274692
4963.3286 2.9889245 2.9843805 0.42554697 0.18494676
4966.883 2.5662355 2.6090279 0.6610158 0.17966345
4970.437 2.557338 2.4896038 0.6231167 0.1802493
4973.9917 3.0639153 3.0447843 0.6994578 0.19035098
4977.546 3.1070843 3.037002 0.60004926 0.19006133
4981.1 2.8763492 2.785757 0.57608217 0.1855762
4984.655 3.1511264 3.0607293 0.6359026 0.19183993
4988.209 2.846658 2.7768998 0.60889024 0.1854463
4991.763 3.057475 3.0085614 0.60523343 0.18935381
4995.318 2.7233377 2.6638958 0.751347 0.18537316
4998.872 3.050853 2.9767218 0.593143 0.18940105
5002.4263 3.270282 3.2300432 0.52959996 0.19202246
5005.981 3.220165 3.196609 0.57405555 0.19189174
5009.535 3.2455025 3.1702847 0.5940736 0.19337116
5013.0894 2.7782855 2.7801657 0.5635795 0.1825576
5016.644 2.7097418 2.6265063 0.60962933 0.1830731
5020.198 2.9877846 2.9210846 0.61014473 0.18841098
5023.7524 3.1611574 3.0940363 0.64396274 0.19150953
5027.307 3.1849692 3.1994407 0.5833722 0.19113396
5030.8613 2.6172397 2.6156387 0.6120594 0.18038373
5034.4155 3.3516512 3.2509646 0.5130374 0.1944193
5037.97 2.9618468 2.9432244 0.57807815 0.18682912
5041.5244 2.8727767 2.7880325 0.7186982 0.18858816
5045.0786 2.7943356 2.7232919 0.53492033 0.1832535
5048.6333 3.00846 2.982804 0.5622318 0.1878064
5052.1875 2.842877 2.771419 0.62525964 0.18578415
5055.7417 3.0739505 2.997929 0.6074756 0.18964508
5059.2964 3.1151972 3.0486846 0.537852 0.18977116
5062.8506 3.090585 3.0272956 0.5218358 0.18947978
5066.405 3.0934165 3.0156827 0.53529996 0.18896802
5069.9595 3.219321 3.1468313 0.6453287 0.19340867
5073.5137 3.0592782 2.9622188 0.6682138 0.19167374
5077.068 2.8082755 2.7420032 0.65729845 0.18548085
5080.6226 3.1203187 3.0600488 0.6289023 0.19080245
5084.177 2.7935314 2.762391 0.6367773 0.18489388
5087.731 3.036781 2.9986188 0.6618903 0.18996167
5091.2856 3.1940935 3.16506 0.65536827 0.19293515
5094.84 3.067341 3.014582 0.5369783 0.18879385
5098.394 3.002618 3.019624 0.5518847 0.18719113
5101.9487 3.1669893 3.1176875 0.6057801 0.19139221
5105.503 3.3149607 3.275291 0.577352 0.19368136
5109.057 2.9188068 2.9416883 0.63616675 0.18645036
5112.612 3.0356224 2.9902356 0.6426253 0.18921407
5116.166 2.991401 2.9052732 0.56424046 0.1880228
5119.72 3.048211 2.9709609 0.57683456 0.18964127
5123.275 3.1375072 3.0670924 0.61165124 0.1914918
5126.829 3.1762168 3.0739207 0.6098964 0.1928082
5130.3833 3.0704346 2.975079 0.698617 0.1919105
5133.938 3.3003645 3.2014253 0.65358347 0.19516763
5137.492 3.0458174 2.9755523 0.60967565 0.18982467
5141.0464 3.275797 3.2508292 0.5677955 0.19281352
5144.601 3.5138404 3.424049 0.60682994 0.1984034
5148.1553 2.920884 2.8809464 0.67899865 0.18763694
5151.7095 2.9199522 2.8206067 0.60967207 0.18736611
5155.264 2.841501 2.7797287 0.7473192 0.18805397
5158.8184 3.496763 3.4553244 0.5356245 0.19635174
5162.3726 2.9692593 2.90113 0.66112524 0.18936622
5165.9272 3.4013636 3.3420565 0.4262586 0.19332394
5169.4814 3.3373866 3.2633235 0.5949251 0.19479465
5173.0356 3.2736027 3.1799755 0.6147134 0.19485402
5176.5903 3.4081025 3.326777 0.47743458 0.19510034
5180.1445 3.581546 3.435274 0.45415625 0.19802058
5183.6987 3.786251 3.6353333 0.53165704 0.20357281
5187.2534 3.5907564 3.5025632 0.5787609 0.19949083
5190.8076 3.4970984 3.4583514 0.5540581 0.1970765
5194.362 3.340726 3.2628233 0.5468631 0.19443005
5197.9165 3.7610157 3.6450927 0.688412 0.20416681
5201.4707 3.7451334 3.6184962 0.68243545 0.20464267
5205.025 3.9208763 3.828842 0.51829565 0.20462964
5208.5796 3.796122 3.7629654 0.61599433 0.20313546
5212.134 3.9808178 3.876409 0.6533009 0.20772636
5215.688 3.8767822 3.7962124 0.61276376 0.20484155
5219.2427 4.23597 4.125498 0.5804364 0.21053547
5222.797 4.0359416 3.96495 0.6752078 0.20834517
5226.3516 4.034413 3.917337 0.72250277 0.21031553
5229.906 3.462908 3.3354373 0.6949779 0.19997498
5233.46 4.398182 4.243905 0.56804204 0.21383356
5237.0146 4.220678 4.111207 0.66051376 0.21171357
5240.569 4.4911427 4.3831954 0.53891987 0.21436405
5244.123 4.3094616 4.1889644 0.6904717 0.21396245
5247.6777 4.2392106 4.0935364 0.7232297 0.21348238
5251.232 4.338712 4.3621497 0.52039856 0.21113555
5254.786 4.9989314 4.838061 0.67164487 0.22514904
5258.341 4.6427794 4.5350122 0.55830514 0.21719365
5261.895 4.9393005 4.9156504 0.52740276 0.22096732
5265.449 4.6875176 4.5548253 0.6643848 0.2206166
5269.004 4.9035544 4.759354 0.5914096 0.22333674
5272.558 5.028775 4.914801 0.47556436 0.22211592
5276.1123 5.056926 4.9167514 0.63937265 0.22589466
5279.667 4.965811 4.869143 0.56741476 0.22311431
5283.221 5.2316837 5.056706 0.63281494 0.22799368
5286.7754 5.139982 5.0424933 0.6190156 0.22595304
5290.33 4.9666934 4.882832 0.6061282 0.22274585
5293.8843 4.521619 4.4037476 0.7198602 0.21811408
5297.4385 4.7823553 4.6314306 0.6679535 0.22187252
5300.993 4.7071495 4.578732 0.6360501 0.21932627
5304.5474 4.1609683 4.040809 0.72652507 0.21194938
5308.1016 3.881278 3.82125 0.743874 0.20677477
5311.6562 4.3656993 4.2249784 0.7239317 0.21600367
5315.2104 4.07252 3.9431272 0.74415636 0.2110411
5318.7646 4.0385966 4.0599813 0.5419872 0.20650469
5322.3193 4.0187697 3.9393303 0.7019841 0.2092824
5325.8735 4.114293 4.0391235 0.5332628 0.20792966
5329.4277 4.256702 4.151016 0.66500175 0.21292841
5332.9824 3.709162 3.6003108 0.70996845 0.20401488
5336.5366 3.589904 3.5090032 0.7315928 0.20250803
5340.091 3.9239895 3.8520918 0.5869566 0.2053219
5343.6455 4.0045614 3.9289384 0.61359316 0.20730524
5347.1997 3.5857623 3.4863577 0.68714 0.20123035
5350.754 3.6232178 3.5490682 0.50674397 0.19918863
5354.3086 3.4810333 3.4174666 0.65032524 0.1982867
5357.863 3.119442 2.9814878 0.67420727 0.19306535
5361.417 3.2999 3.1807551 0.64220536 0.19550258
5364.9717 3.7036867 3.5977728 0.6143582 0.20208529
5368.526 3.1177511 3.0210817 0.6936729 0.19288102
5372.08 3.5885293 3.463563 0.6075373 0.20020007
5375.635 3.5997686 3.562316 0.60766476 0.19949804
5379.189 3.1536393 3.0799568 0.6802221 0.19315803
5382.743 3.447781 3.3079758 0.6293679 0.19831252
5386.298 3.4724126 3.3810189 0.6152754 0.19809829
5389.852 3.3911777 3.3289592 0.54249454 0.19575997
5393.4062 3.6575634 3.6281126 0.5013474 0.19957635
5396.961 3.2528496 3.1925716 0.5578925 0.19327386
5400.515 3.084905 3.0067582 0.5237607 0.18924528
5404.0693 3.377942 3.252828 0.5076244 0.19479409
5407.624 3.369016 3.3220701 0.5299314 0.19449238
5411.178 3.1983297 3.0935051 0.6055403 0.19295616
5414.7324 3.135349 3.0824158 0.5194072 0.18954995
5418.287 3.3718858 3.2839158 0.52738553 0.19443172
5421.8413 3.0493143 2.960853 0.5833046 0.19014733
5425.3955 3.2296703 3.1334481 0.6209785 0.19416623
5428.95 3.4349146 3.332169 0.5442572 0.19636613
5432.5044 3.551982 3.4294007 0.5704122 0.19927104
5436.0586 3.4289489 3.3057926 0.51007456 0.19590333
5439.6133 3.4505637 3.3296149 0.69455844 0.20002092
5443.1675 3.038976 3.0866797 0.5671098 0.18783544
5446.7217 3.2773771 3.2500994 0.6400435 0.19380897
5450.2764 3.255813 3.1884007 0.5543471 0.19290267
5453.8306 3.319915 3.2639744 0.6631921 0.19616888
5457.385 3.2676618 3.169055 0.64236116 0.1945209
5460.9395 3.6435642 3.6167233 0.4487365 0.19783542
5464.4937 3.2001166 3.106174 0.72658795 0.19550437
5468.048 3.447113 3.3963535 0.66244054 0.19788918
5471.6025 3.42505 3.3665488 0.5807579 0.19628678
5475.1567 3.29975 3.2585843 0.4491475 0.19172049
5478.711 3.5231254 3.423151 0.5309551 0.19801827
5482.2656 3.6075993 3.521387 0.548204 0.19905747
5485.82 3.2487528 3.2296956 0.6146606 0.19377422
5489.374 3.309812 3.2270825 0.57881945 0.19452406
5492.9287 3.3873022 3.3011425 0.5841763 0.19635946
5496.483 3.2352307 3.2012787 0.6187403 0.19401874
5500.037 3.2478254 3.2014947 0.6229757 0.19430643
5503.592 3.5274954 3.4399126 0.69748074 0.20074771
5507.146 3.5147476 3.4299364 0.61730504 0.19894195
5510.7 3.3961592 3.3172343 0.5987332 0.19619483
5514.255 3.139755 3.0644963 0.6507276 0.19271907
5517.809 3.2866232 3.2582028 0.60781705 0.19402575
5521.3633 3.26927 3.178523 0.608294 0.19435394
5524.918 3.2141953 3.110837 0.63011736 0.19398105
5528.472 3.542984 3.4768925 0.48226437 0.19663408
5532.0264 3.7268908 3.6888282 0.50171304 0.20094298
5535.581 3.3080714 3.2846813 0.71562636 0.19653386
5539.1353 3.0097938 2.9562511 0.69381034 0.19069791
5542.6895 3.4573975 3.3581252 0.5669641 0.19738455
5546.244 3.155933 3.0488575 0.66289854 0.19334812
5549.7983 3.3570375 3.2565098 0.60453445 0.19617914
5553.353 3.259873 3.2011998 0.5661175 0.1935103
5556.907 3.4511337 3.3144574 0.5524028 0.19761483
5560.4614 3.3448932 3.228103 0.617772 0.19641128
5564.016 3.202933 3.100434 0.5686669 0.19294018
5567.5703 3.3339584 3.2787476 1.2682002 0.2049306
5571.1245 3.0614402 2.919735 1.8173636 0.2088488
5574.679 3.4754689 3.3477461 1.8705245 0.21713172
5578.2334 3.1728399 3.1628637 1.9342762 0.21104787
5581.7876 3.2655144 3.2703202 1.6093856 0.20790307
5585.3423 3.2739608 3.1516247 1.0808467 0.20163432
5588.8965 3.050529 2.952156 0.57339734 0.1903567
5592.4507 3.1628273 3.1477737 0.5167212 0.18988322
5596.0054 3.1638718 3.0621006 0.6196549 0.1924273
5599.5596 3.1256728 3.0385633 0.51475024 0.19017139
5603.114 3.3191226 3.1839104 0.631913 0.19616689
5606.6685 2.8099499 2.7371695 0.5723094 0.18503678
5610.2227 3.2023222 3.1349106 0.6036599 0.19261855
5613.777 3.2896461 3.1465945 0.64131176 0.19604722
5617.3315 3.241904 3.1637106 0.5333568 0.19232616
5620.8857 3.29199 3.218719 0.65673274 0.19462682
5624.44 3.5430357 3.4234548 0.59617704 0.19875863
5627.9946 3.649108 3.5646129 0.5849073 0.2008754
5631.549 3.23573 3.2085164 0.52580863 0.1925619
5635.103 3.3681338 3.2829394 0.4584315 0.19366509
5638.6577 3.7529607 3.625792 0.49188325 0.20142345
5642.212 3.2163627 3.1461647 0.48514044 0.19130953
5645.766 3.1556687 3.0835652 0.5995992 0.19204561
5649.321 3.3626714 3.2646897 0.6241245 0.19628043
5652.875 3.1074867 3.012821 0.5480008 0.19039457
5656.429 3.4149706 3.3155026 0.53366035 0.19697255
5659.984 3.0251088 3.0338802 0.57190514 0.18813612
5663.538 3.029458 2.9493358 0.61151314 0.18992025
5667.0923 3.2282784 3.1672642 0.53315526 0.19201101
5670.647 3.1781337 3.0898294 0.59791183 0.19238654
5674.201 3.2748084 3.116022 0.59456384 0.19494897
5677.7554 3.1729815 3.0427794 0.53823465 0.19170961
5681.31 3.2087488 3.07732 0.5399857 0.1927301
5684.8643 3.3776083 3.2813742 0.5808008 0.19603789
5688.4185 3.160719 3.046685 0.65990674 0.19389999
5691.973 2.9359212 2.8362517 0.65754396 0.18928315
5695.5273 3.318362 3.2708826 0.5498117 0.19341469
5699.0815 3.446372 3.3597305 0.58675444 0.19743934
5702.636 3.0744789 2.9678843 0.5617747 0.19014305
5706.1904 2.979887 2.9293447 0.53430194 0.18689685
5709.7446 2.9661481 2.915668 0.6102025 0.18818559
5713.2993 2.8710165 2.7831855 0.5130178 0.18539488
5716.8535 3.111028 3.034773 0.47941077 0.18876898
5720.4077 3.138409 3.0411677 0.57045 0.19162655
5723.9624 3.181466 3.0578656 0.56042755 0.19231516
5727.5166 3.187384 3.0758274 0.67620254 0.1940339
5731.071 3.2883375 3.188541 0.5410169 0.19348551
5734.6255 2.9733598 2.8452988 0.50892526 0.18797377
5738.1797 2.9413311 2.8506472 0.43452302 0.18532723
5741.734 3.153602 3.0720484 0.5194712 0.19059858
5745.2886 3.0084414 2.9496577 0.51426524 0.18702933
5748.843 2.841293 2.7266328 0.49868265 0.18463035
5752.397 3.0133896 2.9254193 0.5163016 0.18801922
5755.9517 2.999104 2.9205203 0.5227031 0.18790853
5759.506 2.9367728 2.8040626 0.5986744 0.18843724
5763.06 3.0111752 2.891295 0.46507233 0.18754682
5766.6147 3.0436263 2.8883426 0.6066115 0.19162466
5770.169 3.0719233 2.98423 0.58302915 0.19104998
5773.723 2.645956 2.5648096 0.623669 0.18247257
5777.278 3.1324213 3.0553854 0.5953322 0.19145949
5780.832 2.9514906 2.924629 0.6018779 0.1875265
5784.386 2.744573 2.7130437 0.56646705 0.18401991
5787.941 2.9121017 2.8150945 0.5856464 0.18775205
5791.495 3.05577 2.9718778 0.5924504 0.19056173
5795.0493 2.6789062 2.58851 0.5609744 0.18200661
5798.604 2.9998112 2.918571 0.5064832 0.18788098
5802.158 3.0558252 3.008645 0.5762536 0.1893316
5805.7124 3.3968248 3.2907107 0.42814666 0.19375587
5809.267 2.9194367 2.8417096 0.62797517 0.18827423
5812.8213 3.2009046 3.1625104 0.53159434 0.1914286
5816.3755 2.856609 2.7543073 0.57259494 0.18585287
5819.93 3.295317 3.191396 0.4975714 0.1931225
5823.4844 3.0352077 2.996515 0.56360453 0.18911415
5827.0386 2.9231732 2.8898008 0.5687895 0.18632112
5830.5933 2.8922794 2.7474778 0.61429685 0.18838665
5834.1475 2.912689 2.7844777 0.6577389 0.18879259
5837.7017 2.9254794 2.8346984 0.64323443 0.18862472
5841.2563 2.716882 2.6538482 0.5747583 0.18269497
5844.8105 3.1972125 3.1358361 0.5368053 0.19263308
5848.3647 2.9265444 2.8749557 0.56781 0.18653533
5851.9194 3.041125 2.9923131 0.6516757 0.1904294
5855.4736 2.626112 2.621403 0.61135525 0.18161623
5859.028 3.13603 3.0678608 0.51455426 0.19001675
5862.5825 2.8622537 2.829224 0.61476845 0.18647367
5866.1367 3.0974293 3.1325722 0.6086002 0.19011913
5869.691 2.8960428 2.8644428 0.6531546 0.18730743
5873.2456 2.982348 2.9453077 0.60103935 0.18866296
5876.8 2.9769404 2.9264739 0.5824544 0.1879909
5880.354 2.5496833 2.5852697 0.9925217 0.18592304
5883.9087 2.8560355 2.916447 1.4401718 0.19782366
5887.463 2.9406433 2.8128364 1.9478618 0.20968455
5891.0176 2.722405 2.6996737 2.254426 0.20806241
5894.572 2.734919 2.6993825 2.224911 0.20785892
5898.126 3.1638834 3.099428 1.5963907 0.20635992
5901.6807 3.2455976 3.1962874 0.98308843 0.19935183
5905.235 3.4020941 3.2935953 0.8171413 0.20058918
5908.789 3.0421958 2.9580033 0.65628475 0.1904434
5912.3438 2.5829296 2.5476668 0.5536387 0.17933872
5915.898 2.6903467 2.581211 0.6919097 0.18521865
5919.452 2.835736 2.6892402 0.66637236 0.18791915
5923.007 2.5786867 2.5281866 0.6963537 0.18299797
5926.561 2.7267687 2.6333475 0.6726531 0.18535452
5930.115 2.7408972 2.6834133 0.64981306 0.18463258
5933.67 2.625033 2.5852118 0.45850873 0.17918833
5937.224 2.6134255 2.5593295 0.7776835 0.18436874
5940.7783 3.1058984 3.0890815 0.6070577 0.19076683
5944.333 2.6022005 2.5762675 0.5569002 0.18027784
5947.887 3.0468445 2.9614847 0.58384806 0.19011657
5951.4414 3.1369257 3.0463545 0.5803451 0.19184646
5954.996 3.3664918 3.332297 0.6161549 0.19568127
5958.5503 2.9323435 2.82395 0.65591186 0.18900289
5962.1045 2.87741 2.7546422 0.56282955 0.18663615
5965.659 3.2218614 3.0878632 0.55181766 0.19280559
5969.2134 3.0333517 2.9597545 0.6770685 0.19078691
5972.7676 2.899951 2.924127 0.64531326 0.18691604
5976.3223 2.7449574 2.7153852 0.61852103 0.18350483
5979.8765 3.1317334 3.0585961 0.5477667 0.19010368
5983.4307 3.0100582 2.8804574 0.53044474 0.18861091
5986.9854 3.1487472 3.052498 0.5144673 0.19042611
5990.5396 2.8652232 2.8501909 0.56731427 0.18567663
5994.0938 2.9662242 2.8436422 0.59284323 0.18892632
5997.6484 2.5243545 2.438305 0.658393 0.18128036
6001.2026 2.9395459 2.9011488 0.568672 0.18742892
6004.757 2.7493823 2.6651635 0.62023425 0.18497658
6008.3115 3.1913564 3.1330576 0.46731248 0.19078611
6011.8657 2.7670696 2.671867 0.57847893 0.18431668
6015.42 2.9779747 2.8847773 0.582773 0.18846554
6018.9746 2.6035144 2.6286538 0.5288161 0.17883195
6022.529 2.9379077 2.8728716 0.71261364 0.19017126
6026.083 2.8295584 2.7644286 0.56402606 0.1855753
6029.6377 2.4915042 2.4456654 0.58921844 0.17865823
6033.192 2.7578695 2.641093 0.54652315 0.18459524
6036.746 2.861068 2.7714646 0.58248866 0.18633464
6040.301 2.905762 2.7617266 0.45966572 0.18571676
6043.855 2.729475 2.6450138 0.6474202 0.18509588
6047.409 3.21615 3.1020577 0.556944 0.19295262
6050.964 2.8338087 2.7740664 0.43743053 0.18290262
6054.518 2.9075778 2.8084595 0.5489253 0.18672532
6058.0723 2.6974545 2.6174433 0.5211006 0.18214603
6061.627 2.8832784 2.8427527 0.6042203 0.18707721
6065.181 2.7059143 2.6077168 0.4677997 0.18154098
6068.7354 2.7838283 2.7174122 0.53895736 0.18385115
6072.29 3.288184 3.2603188 0.48345488 0.19219369
6075.844 3.0832095 2.9916708 0.48947504 0.18849067
6079.3984 2.922214 2.8221374 0.68533564 0.18932557
6082.953 3.0955508 3.015727 0.626672 0.19136214
6086.5073 3.2235537 3.1112864 0.5186013 0.19255048
6090.0615 2.885789 2.783636 0.62842864 0.1879364
6093.616 2.8479753 2.7408905 0.6629554 0.18767816
6097.1704 2.9591656 2.8723812 0.5504051 0.18816797
6100.7246 2.9642472 2.8995526 0.6564901 0.18888994
6104.2793 3.0551758 2.9878094 0.5548395 0.1897808
6107.8335 2.815672 2.7644632 0.5441774 0.18439484
6111.3877 3.0238872 2.9230418 0.52428806 0.1884685
6114.9424 2.901035 2.8372364 0.5243479 0.18582867
6118.4966 3.39302 3.2765243 0.59946394 0.1970309
6122.051 2.669968 2.56246 0.5984724 0.18319617
6125.6055 3.0804262 2.9721506 0.5678801 0.19091532
6129.1597 2.9165962 2.8440843 0.54894227 0.18663406
6132.714 2.697234 2.6088712 0.63379055 0.18400174
6136.2686 2.8597064 2.8479488 0.49760586 0.184312
6139.8228 2.8935096 2.8294556 0.61269844 0.18729758
6143.377 2.9445457 2.8502123 0.49623722 0.1861166
6146.9316 2.8677807 2.761156 0.56784576 0.18589154
6150.486 3.0196054 2.9803827 0.52368754 0.18752761
6154.04 2.9521172 2.8621528 0.6813321 0.19166295
6157.5947 2.9715824 2.873475 0.59304833 0.18867959
6161.149 3.1111126 2.9793518 0.51249343 0.19080801
6164.703 3.0756238 3.004968 0.43204847 0.18755786
6168.258 3.0384007 2.9234867 0.55647284 0.19031891
6171.812 3.0690186 3.0095708 0.5340388 0.1894819
6175.366 2.837097 2.7385128 0.59058034 0.18598019
6178.921 2.6513243 2.548172 0.6030991 0.18336596
6182.475 2.646915 2.571662 0.64155096 0.18277746
6186.0293 3.07217 3.0609155 0.42774358 0.18654498
6189.584 2.930599 2.810274 0.5994745 0.18849914
6193.138 2.8084342 2.6747975 0.5745094 0.18625927
6196.6924 2.86273 2.8407862 0.48918727 0.18432973
6200.247 2.7438662 2.6835554 0.60600746 0.18395895
6203.8013 3.1706176 3.0929043 0.45108512 0.18949069
6207.3555 2.8382971 2.7170446 0.6209251 0.18695495
6210.91 2.6232045 2.4815862 0.62131613 0.18361671
6214.4644 2.5765512 2.470388 0.64860654 0.18290383
6218.019 2.741609 2.6397965 0.5828553 0.18385388
6221.573 3.3565183 3.2884324 0.38062492 0.1923784
6225.1274 3.1142282 3.0393798 0.55581975 0.19083771
6228.682 2.9200559 2.7929378 0.70341194 0.19063465
6232.2363 2.7234285 2.647468 0.71740896 0.18564197
6235.7905 2.6719973 2.6398284 0.65607303 0.18328688
6239.345 2.9238386 2.8279445 0.49393418 0.18637934
6242.8994 2.906749 2.8311834 0.5785799 0.18667944
6246.4536 2.8374312 2.7322714 0.6936821 0.18757342
6250.0083 2.4908044 2.455943 0.67281073 0.18055944
6253.5625 2.760428 2.7398539 0.5799644 0.18458731
6257.1167 2.6579463 2.5759757 0.54064673 0.18137166
6260.6714 2.8004797 2.7381308 0.60231656 0.18489544
6264.2256 2.8056815 2.7610183 0.63652474 0.18537672
6267.78 2.587745 2.4855418 0.6801556 0.18251091
6271.3345 2.4605496 2.3927126 0.63522834 0.17866074
6274.8887 2.552923 2.477092 0.55894357 0.18012087
6278.443 2.8019054 2.6965692 0.5424655 0.18541305
6281.9976 2.6766036 2.5814826 0.59566516 0.18314241
6285.552 2.694693 2.6602802 0.5471969 0.18165535
6289.106 2.915232 2.8700879 0.56602263 0.18650137
6292.6606 3.085756 3.0499446 0.68643546 0.191741
6296.215 3.1085443 3.0528831 0.82588446 0.19469619
6299.769 2.965728 2.8589132 0.81605077 0.19199178
6303.3237 2.9921818 2.9434376 0.75821984 0.1906741
6306.878 3.0549054 2.9888384 0.8200086 0.19331695
6310.432 2.9253044 2.8396358 0.67206866 0.18883379
6313.987 3.0739958 3.0094373 0.49707848 0.18926494
6317.541 3.1051 3.0409787 0.45295602 0.18850012
6321.095 2.8836062 2.8120813 0.4728013 0.18487598
6324.65 3.0792456 3.0090263 0.553117 0.19055192
6328.204 3.0106442 2.9253924 0.6444735 0.19023523
6331.7583 2.6946425 2.6659632 0.6402422 0.18338007
6335.313 3.0039358 3.031175 0.50467986 0.18611331
6338.867 3.1559238 3.0728877 0.4635154 0.18956622
6342.4214 2.908 2.7802231 0.5108996 0.18643089
6345.976 2.9966528 2.890398 0.48433867 0.18794134
6349.5303 2.8966217 2.82903 0.48712164 0.1849899
6353.0845 2.7114048 2.6433363 0.6969294 0.18561807
6356.639 2.6167073 2.5751135 0.6956422 0.18392332
6360.1934 2.901348 2.8278098 0.6618632 0.18790556
6363.7476 3.0623112 3.025572 0.566936 0.18878114
6367.3022 2.752771 2.7229521 0.58743966 0.18356232
6370.8564 2.803704 2.7066832 0.67664933 0.18688847
6374.4106 3.1159534 3.017104 0.50022155 0.18957342
6377.9653 2.6468418 2.5996177 0.52386576 0.1805327
6381.5195 2.9540799 2.875653 0.5443452 0.18784651
6385.0737 2.8404467 2.8093905 0.53103566 0.1842481
6388.6284 2.919131 2.871532 0.41514602 0.1837264
6392.1826 3.0342033 2.9305935 0.5969915 0.1904045
6395.737 2.9090998 2.8406389 0.49031952 0.18545078
6399.2915 2.9095178 2.8761933 0.4517569 0.18388776
6402.8457 3.1430974 3.0995932 0.565973 0.19132484
6406.4 2.7371874 2.7356794 0.48998323 0.18131281
6409.9546 2.973438 2.8852115 0.48060846 0.18682306
6413.509 3.2950335 3.2311373 0.36498633 0.19017613
6417.063 3.5940986 3.4824212 0.5322267 0.19922027
6420.6177 3.0688913 3.027121 0.6170901 0.19101357
6424.172 3.19544 3.1914625 0.5017814 0.19035476
6427.726 3.1342027 3.0565093 0.47929385 0.18942586
6431.281 3.3335576 3.2961755 0.36780375 0.19083968
6434.835 3.0710106 2.9533231 0.38824448 0.1879708
6438.389 3.372616 3.2328377 0.598847 0.19690864
6441.944 3.3138795 3.2290258 0.5341543 0.19378804
6445.498 3.06113 3.0228221 0.4656389 0.18822457
6449.0522 3.1733816 3.09433 0.52955854 0.19077353
6452.607 3.2484386 3.1830363 0.44729933 0.19127077
6456.161 3.2334082 3.111374 0.48325768 0.19233318
6459.7153 3.0117095 2.9308462 0.53528553 0.18845744
6463.27 3.3007123 3.1787777 0.5572237 0.19485605
6466.824 3.011924 2.8796513 0.56547505 0.18902972
6470.3784 3.276546 3.164253 0.6643876 0.1967451
6473.933 3.1177473 3.0634851 0.71461034 0.19337976
6477.4873 3.419583 3.381888 0.570076 0.19604485
6481.0415 3.3931968 3.3589194 0.57378864 0.19596796
6484.596 3.6112382 3.50961 0.53674346 0.19954
6488.1504 3.4603066 3.3581836 0.49992573 0.19656447
6491.7046 3.1650913 3.0712478 0.55915064 0.19261609
6495.2593 3.5341523 3.4118178 0.5475162 0.19862348
6498.8135 3.6577692 3.5654743 0.5499439 0.20004831
6502.3677 3.3706357 3.2770379 0.56825376 0.19544841
6505.9224 3.5462084 3.4498053 0.45603 0.19710816
6509.4766 3.496122 3.329045 0.62433475 0.19989102
6513.031 3.4407015 3.3913066 0.56286114 0.19703326
6516.5854 3.6017115 3.5450668 0.40927175 0.19682236
6520.1396 3.479744 3.3971586 0.50658923 0.19705772
6523.694 3.374079 3.2401648 0.5978689 0.19711061
6527.2485 3.683874 3.5404382 0.5481898 0.20145705
6530.8027 3.49223 3.427539 0.5335109 0.19700313
6534.357 3.308786 3.228584 0.4835616 0.1928585
6537.9116 3.2609906 3.1595764 0.57304966 0.1940206
6541.466 3.0021985 2.9223263 0.6956814 0.19134785
6545.0205 3.1504576 3.0878568 0.4628765 0.18970533
6548.5747 3.3122852 3.2698843 0.42688814 0.19229709
6552.129 3.168475 3.1196966 0.4883556 0.19031967
6555.6836 3.144281 3.0322266 0.5582069 0.19141701
6559.238 3.1372101 3.0271087 0.61875 0.19232412
6562.792 3.0750442 3.0101812 0.5892858 0.19049355
6566.3467 3.1525679 3.087841 0.6144118 0.19250967
6569.901 2.96419 2.9300215 0.58135355 0.18798989
6573.455 2.7303517 2.6735466 0.57715887 0.18443872
6577.01 3.0434642 2.9416814 0.57865644 0.19031256
6580.564 3.2131367 3.121587 0.53461295 0.19227603
6584.118 3.078286 3.0090644 0.50202626 0.1891653
6587.673 2.764805 2.7303543 0.48223865 0.18219307
6591.227 2.7032866 2.6361034 0.45706305 0.18100175
6594.7812 3.1998954 3.091733 0.49581835 0.19168141
6598.336 3.2757535 3.214653 0.4582413 0.1918407
6601.89 3.1897469 3.1921911 0.39420554 0.18854398
6605.4443 2.974177 2.8812006 0.44424555 0.18646583
6608.999 3.014632 2.8905268 0.5413433 0.18904701
6612.553 3.018533 2.960988 0.5083483 0.18749304
6616.1074 2.7327385 2.7177298 0.46155158 0.18060628
6619.662 2.2352772 2.2009816 0.5311265 0.17209227
6623.2163 2.5449808 2.4675257 0.556031 0.17919573
6626.7705 2.949947 2.8924444 0.5102704 0.18641303
6630.325 2.9123821 2.8674178 0.45425594 0.18457705
6633.8794 2.7422516 2.653721 0.57652295 0.18405867
6637.4336 2.4714575 2.4195402 0.46799633 0.17580582
6640.9883 2.6964002 2.6786308 0.485017 0.18091527
6644.5425 2.8465137 2.758852 0.51745015 0.18496841
6648.0967 2.7313495 2.6793532 0.4880141 0.18156986
6651.6514 2.5883677 2.4810576 0.43519378 0.1784938
6655.2056 2.6602592 2.5236435 0.5125426 0.18292534
6658.76 2.6407123 2.5339983 0.536256 0.18136139
6662.3145 2.4638782 2.4331553 0.4143876 0.17442986
6665.8687 2.9153838 2.8211908 0.4894317 0.18563868
6669.423 2.6026335 2.5091224 0.53089905 0.18015209
6672.9775 2.5338812 2.451157 0.45088568 0.17722781
6676.5317 2.7793643 2.7382812 0.47716498 0.18199201
6680.086 2.7322776 2.6631129 0.53037363 0.18280989
6683.6406 2.6022925 2.5274386 0.5179867 0.17977603
6687.195 2.4292 2.3571014 0.4953837 0.17598979
6690.749 2.4548914 2.3707023 0.45353207 0.17620073
6694.3037 2.8496037 2.7597618 0.41425103 0.18303587
6697.858 2.8314629 2.7853389 0.45653668 0.18258268
6701.412 2.811654 2.733511 0.5647581 0.18561292
6704.967 2.2339709 2.1867185 0.59728986 0.17405708
6708.521 2.4140613 2.366441 0.6265846 0.17838013
6712.075 2.530324 2.5089808 0.46338066 0.1767076
6715.63 2.2660892 2.2113879 0.5509216 0.17290698
6719.184 2.4892075 2.3831332 0.5570664 0.17858432
6722.7383 2.6519854 2.6378238 0.43089294 0.17902593
6726.293 2.7182095 2.7452466 0.3780673 0.17906623
6729.847 2.3460705 2.252325 0.54646343 0.1758612
6733.4014 2.1526487 2.1151266 0.5495814 0.17104627
6736.956 2.3886924 2.379684 0.46208733 0.17409706
6740.5103 2.460173 2.416024 0.5138713 0.17667122
6744.0645 2.4541373 2.3855944 0.5049504 0.17631355
6747.619 2.4523 2.3934968 0.5436456 0.17739394
6751.1733 2.3901327 2.3430858 0.4863524 0.17534041
6754.7275 2.4137087 2.3209956 0.4449957 0.17500411
6758.282 2.3940291 2.2739465 0.46629953 0.17504342
6761.8364 2.4307735 2.3828845 0.37186673 0.1736926
6765.3906 2.484047 2.489875 0.51578206 0.17702948
6768.9453 2.331526 2.2777352 0.55456394 0.17525654
6772.4995 2.3375347 2.2546735 0.46442527 0.17386548
6776.0537 2.360207 2.291332 0.50969994 0.1746008
6779.6084 2.2368047 2.1729918 0.48177576 0.17121601
6783.1626 2.5288932 2.454334 0.4992421 0.17754528
6786.717 2.8166041 2.7709992 0.40028295 0.18153383
6790.2715 2.547211 2.5467846 0.43669182 0.17654045
6793.8257 2.6192703 2.546136 0.57213134 0.18133995
6797.38 2.7106051 2.627533 0.46773025 0.18163843
6800.9346 2.301251 2.2905302 0.4215344 0.17180839
6804.489 2.4503431 2.474305 0.48923457 0.17560227
6808.043 2.372741 2.3331914 0.48157805 0.17400853
6811.5977 2.4472642 2.3504882 0.47507 0.17661393
6815.152 2.4721663 2.3550012 0.53241605 0.1786985
6818.706 2.2781787 2.2325711 0.47134796 0.17187203
6822.2607 2.2744348 2.1759942 0.4760904 0.17267293
6825.815 2.580181 2.4931161 0.5448355 0.18016824
6829.369 2.3725178 2.29505 0.6162925 0.17708322
6832.924 2.2929127 2.2415786 0.6901343 0.17671616
6836.478 2.5115662 2.4565716 0.63998187 0.17968181
6840.032 2.2849796 2.1872075 0.60926086 0.17553036
6843.587 2.5289714 2.4814444 0.54154825 0.17889008
6847.141 2.4321284 2.3848877 0.4465738 0.17585275
6850.6953 2.4209418 2.440057 0.35424042 0.17232461
6854.25 2.5648506 2.5137718 0.47132933 0.17821194
6857.804 2.5278163 2.4439929 0.53457236 0.17979829
6861.3584 2.4110758 2.352854 0.5819199 0.17646162
6864.913 2.3108501 2.2508414 0.56091654 0.17472173
6868.4673 2.1777968 2.2099428 0.53656024 0.17014055
6872.0215 2.024731 2.01681 0.59209013 0.16911805
6875.576 1.9950224 2.0299225 0.49337968 0.16550857
6879.1304 1.768435 1.7158041 0.4631386 0.16103491
6882.685 2.0723834 2.0861142 0.4252786 0.16600087
6886.2393 2.1069307 2.1210577 0.52924246 0.16919948
6889.7935 2.0537255 2.0137408 0.4651499 0.16759141
6893.348 2.0337954 2.0155628 0.5834899 0.1691472
6896.9023 2.2454493 2.1918547 0.52253765 0.17312212
6900.4565 1.7120138 1.6967151 0.47894585 0.16010353
6904.011 2.2237976 2.184661 0.46911308 0.17074782
6907.5654 1.9260527 1.9627765 0.4991672 0.16435848
6911.1196 1.9024688 1.8767446 0.54449064 0.16507573
6914.6743 2.2520397 2.2300613 0.54770297 0.17258823
6918.2285 2.2444668 2.1971073 0.4883499 0.17175005
6921.7827 2.0474567 1.998997 0.51768035 0.16816269
6925.3374 2.3075368 2.3006632 0.5029265 0.1729415
6928.8916 2.736869 2.6884675 0.5369881 0.1827737
6932.446 2.392416 2.3519535 0.5571312 0.1758429
6936.0005 2.1676555 2.126548 0.45352286 0.16917159
6939.5547 2.4578109 2.3836727 0.49883708 0.1766183
6943.109 2.4059463 2.360981 0.60929006 0.17731784
6946.6636 2.305582 2.261513 0.5660083 0.17411637
6950.218 2.6308022 2.5996263 0.4076774 0.17792302
6953.772 2.6282938 2.6118782 0.36955422 0.17688958
6957.3267 2.4092348 2.3289633 0.5080016 0.17598635
6960.881 2.493528 2.4307892 0.5097789 0.17852332
6964.435 2.4074497 2.3716583 0.4690432 0.17521447
6967.9897 2.2479532 2.1932383 0.5081015 0.17233264
6971.544 2.3972127 2.358793 0.5319895 0.17558762
6975.098 2.2881105 2.2592595 0.57401824 0.17349245
6978.653 2.06598 2.050496 0.5996907 0.16961594
6982.207 2.3769982 2.2931318 0.6077312 0.1770921
6985.761 2.3678455 2.302017 0.52176714 0.17507781
6989.316 2.4361496 2.4055083 0.4967571 0.17605613
6992.87 2.4080973 2.39402 0.3658337 0.17319885
6996.4243 2.3461199 2.362939 0.3635888 0.17092668
6999.979 2.136023 2.078224 0.48369807 0.16935053
7003.533 2.0230973 1.9689548 0.6238708 0.16950259
7007.0874 2.4711914 2.3886073 0.45649263 0.17588057
7010.642 2.4337056 2.365539 0.47128114 0.17580737
7014.1963 2.3022478 2.2686365 0.5698502 0.17473492
7017.7505 2.4405565 2.3522496 0.507164 0.17681341
7021.305 2.5140133 2.383899 0.50159955 0.17869134
7024.8594 2.3086562 2.1782982 0.4110186 0.17320356
7028.4136 2.653908 2.6999588 0.36090857 0.17684919
7031.9683 2.1265178 1.9996995 0.40556717 0.16868217
7035.5225 2.1353657 2.0418103 0.39444906 0.16832761
7039.0767 2.2188752 2.2278247 0.50380325 0.17083007
7042.6313 2.3380792 2.3437371 0.46522677 0.17290372
7046.1855 2.1075466 2.0544055 0.4516815 0.1680548
7049.7397 2.3482733 2.3362746 0.4593514 0.17289796
7053.2944 2.3905282 2.3728285 0.50598985 0.1760739
7056.8486 2.383339 2.2975283 0.4722369 0.17449602
7060.403 2.636435 2.540895 0.38817433 0.17855795
7063.9575 2.2773528 2.217536 0.40428722 0.17130911
7067.5117 2.292928 2.2171857 0.39112845 0.17156388
7071.066 2.440661 2.324482 0.4970951 0.17698018
7074.6206 2.2536356 2.292156 0.51821154 0.17274375
7078.175 2.0938938 2.0585444 0.47233993 0.16820748
7081.729 2.2040668 2.1986346 0.3645743 0.16856964
7085.2837 2.6174257 2.5868967 0.4085642 0.17782985
7088.838 2.4617252 2.4788191 0.4029167 0.17420073
7092.392 2.627105 2.6226363 0.41176024 0.17817025
7095.947 2.2685332 2.1958508 0.45490047 0.17235032
7099.501 2.3182456 2.233297 0.53189176 0.1744602
7103.055 2.3371582 2.2814648 0.50337994 0.17473817
7106.61 2.364486 2.302773 0.49347624 0.1753218
7110.164 2.284746 2.250411 0.4542272 0.17222959
7113.7183 2.162959 2.1254568 0.41463807 0.16969539
7117.273 2.6592202 2.5656154 0.4600031 0.1806963
7120.827 2.5079622 2.4118528 0.4764309 0.17762785
7124.3813 2.3370016 2.3564286 0.4029697 0.17225885
7127.936 2.5035157 2.4914794 0.4386861 0.17610593
7131.49 2.4958887 2.489243 0.41744938 0.17611155
7135.0444 2.3934917 2.3633573 0.4288486 0.17458239
7138.599 2.4250908 2.3353715 0.4783365 0.17584035
7142.1533 2.3917348 2.3599792 0.43628684 0.17375775
7145.7075 2.2402394 2.2443743 0.4758535 0.1714082
7149.262 2.5973828 2.6002128 0.48250347 0.17939584
7152.8164 2.4125135 2.3328676 0.5256181 0.17665671
7156.3706 2.1487117 2.1167557 0.49164107 0.17006892
7159.9253 2.280567 2.1973772 0.50180864 0.1735021
7163.4795 2.220236 2.1354837 0.5467538 0.1733324
7167.0337 2.3255992 2.22794 0.5255856 0.17519572
7170.5884 2.432852 2.3543832 0.5650105 0.17776513
7174.1426 2.513637 2.4960194 0.44244483 0.17650539
7177.697 2.0818696 2.08735 0.4692711 0.16750567
7181.2515 2.2064083 2.175984 0.39621645 0.17003389
7184.8057 1.9420934 1.9056662 0.44624287 0.16490398
7188.36 2.0835977 2.0761511 0.37891233 0.16642596
7191.9146 2.2039464 2.1517367 0.3540555 0.16900428
7195.4688 2.179635 2.220588 0.2643799 0.16631831
7199.023 2.1767693 2.1774461 0.4458463 0.17037898
7202.5776 2.1794078 2.1645558 0.3597598 0.16795175
7206.132 2.0070138 1.9506097 0.4299911 0.16584624
7209.6865 2.3870542 2.3737538 0.47107893 0.17490575
7213.2407 2.283265 2.2085252 0.38894603 0.17155653
7216.795 2.1775732 2.077764 0.41741952 0.16968124
7220.3496 2.2088876 2.2280438 0.4392104 0.17048298
7223.904 2.203179 2.1287186 0.4685025 0.17213796
7227.458 2.2725096 2.2165296 0.41496864 0.17120512
7231.0127 1.9637879 1.9908081 0.51053554 0.16584186
7234.567 2.1132228 2.065819 0.6055909 0.17141849
7238.121 2.0847733 2.0416827 0.70540553 0.17255253
7241.676 2.325681 2.3689318 0.745841 0.1772321
7245.23 1.824835 1.788774 0.9155303 0.1706532
7248.784 2.1903555 2.1177409 0.7902687 0.17609167
7252.339 2.0140772 1.9578372 0.69426054 0.17075263
7255.893 2.3586235 2.3069732 0.53294855 0.17584679
7259.4473 2.0308666 1.9787359 0.4871492 0.1683333
7263.002 2.0938263 2.0821757 0.43669757 0.16735145
7266.556 2.0019186 1.9519379 0.55976206 0.1687718
7270.1104 1.8762977 1.863672 0.78935206 0.16906086
7273.665 2.3016381 2.3080752 0.7588237 0.17684712
7277.219 2.1212125 2.0910335 0.8224761 0.17580608
7280.7734 2.097173 2.0583732 0.8610874 0.17652068
7284.328 1.9538196 1.9093008 0.84500206 0.17229722
7287.8823 1.7599655 1.762727 0.6864705 0.1650667
7291.4365 2.0371847 1.9765831 0.515644 0.16861545
7294.991 2.1486554 2.114653 0.51405936 0.17098361
7298.5454 2.2573493 2.2140357 0.47211277 0.17241906
7302.0996 2.1579936 2.1074815 0.45741358 0.16983213
7305.6543 2.0638764 2.032052 0.49327886 0.1681308
7309.2085 1.9487188 1.8811738 0.6226883 0.16835167
7312.7627 1.7216951 1.7028433 0.71334475 0.16489677
7316.3174 2.057965 2.0240905 0.6208621 0.17009814
7319.8716 2.2087717 2.1310651 0.5859356 0.17336579
7323.426 1.938116 1.9096024 0.66481495 0.16902027
7326.9805 1.9085659 1.9098084 0.65224856 0.1680694
7330.5347 1.9255195 1.9318932 0.48475 0.16544007
7334.089 2.0009618 1.9647095 0.61915076 0.16905046
7337.6436 2.118578 2.019817 0.8379169 0.17589547
7341.1978 2.25513 2.1631975 0.7024375 0.17644334
7344.752 2.313403 2.2929864 0.70958585 0.17754862
7348.3066 2.105168 2.1291494 0.6503981 0.17203535
7351.861 2.0963142 2.0548384 0.5101719 0.1688545
7355.415 2.0804918 2.0664358 0.5295768 0.16952771
7358.9697 1.959664 1.8735821 0.5832058 0.16870157
7362.524 2.0296383 1.9577695 0.66481715 0.17101158
7366.078 2.0632398 1.9605101 0.74917954 0.17470092
7369.633 2.2259598 2.2130635 0.58416086 0.17393628
7373.187 2.0978787 2.0409622 0.6264988 0.17164192
7376.741 2.1149662 2.0453649 0.53787374 0.17063275
7380.296 2.239919 2.2382371 0.4805473 0.17147788
7383.85 2.2758281 2.232835 0.4496802 0.17233206
7387.4043 1.724029 1.6319103 0.49040502 0.16179779
7390.959 1.9062644 1.8466192 0.5118984 0.16506614
7394.513 1.9704605 1.9433628 0.6364488 0.16974738
7398.0674 2.0843716 2.0816934 0.57605153 0.17053922
7401.622 2.289858 2.2640004 0.51722294 0.17449741
7405.1763 2.1690266 2.1075644 0.52111053 0.17118917
7408.7305 1.9206803 1.8303072 0.6111035 0.16826068
7412.285 2.09346 2.141779 0.48466372 0.1682995
7415.8394 2.0966275 2.0755363 0.37014484 0.16669323
7419.3936 2.0842047 2.0303025 0.538262 0.17069925
7422.948 2.2736242 2.255105 0.4029128 0.17152633
7426.5024 2.0735698 2.0398743 0.5255202 0.16966672
7430.0566 1.9735761 1.9805707 0.5068182 0.16692759
7433.6113 2.1259558 2.1124845 0.5292869 0.17014076
7437.1655 2.1359313 2.0463653 0.39405996 0.16918792
7440.7197 1.9755673 1.9093378 0.5656917 0.16876446
7444.2744 1.9718568 1.9246211 0.50957114 0.16733344
7447.8286 1.8383228 1.7841976 0.42109728 0.16243415
7451.383 1.8883967 1.8221518 0.39531466 0.16373132
7454.9375 2.0520163 2.0284967 0.41627547 0.16714168
7458.4917 1.7832645 1.6666073 0.4098464 0.16254118
7462.046 1.8256271 1.7502552 0.4562374 0.16291635
7465.6006 2.0928416 2.0810513 0.4293852 0.16842702
7469.155 1.9808421 1.8777641 0.45122486 0.16749872
7472.709 1.907256 1.8600013 0.5822933 0.16659707
7476.2637 2.1216369 2.112295 0.5459989 0.17074871
7479.818 1.95684 1.908419 0.46655044 0.16586961
7483.372 1.7038046 1.6382419 0.5297753 0.16213414
7486.927 1.9493114 1.8903743 0.49039742 0.16700236
7490.481 2.0009108 1.9903107 0.43084678 0.16587476
7494.035 1.7710205 1.7222611 0.49740905 0.16307485
7497.59 1.9717473 1.8526236 0.4718245 0.16758612
7501.144 2.0866652 2.0654695 0.33540758 0.1659982
7504.698 1.9704852 1.9739643 0.4814891 0.16709013
7508.253 1.8567507 1.8208005 0.49271202 0.16489375
7511.807 1.7666069 1.7466211 0.4632397 0.16088043
7515.3613 1.9281607 1.8734477 0.6733352 0.16944212
7518.916 2.0404215 1.9924327 0.5286858 0.16911201
7522.47 2.0279207 1.9692742 0.5611501 0.16899076
7526.0244 1.9969317 1.9673804 0.53214264 0.1677622
7529.579 2.0709045 2.0176175 0.41454485 0.1675169
7533.1333 1.983434 1.9452937 0.4349792 0.1659478
7536.688 2.0841837 2.048164 0.32088307 0.16614449
7540.242 1.9926224 1.9272838 0.29211983 0.16362154
7543.7964 2.1328907 2.0670152 0.3727059 0.16851608
7547.351 1.7107905 1.6696444 0.43333232 0.16024397
7550.9053 1.7435656 1.6952349 0.38940787 0.15918042
7554.4595 2.039591 1.9823613 0.37552068 0.16672958
7558.014 1.9087292 1.9208663 0.40365213 0.16374862
7561.5684 1.9557947 1.8991442 0.43171212 0.16568154
7565.1226 1.7948889 1.7714823 0.5063495 0.16353053
7568.6772 2.0670097 1.9816619 0.5125219 0.16981834
7572.2314 1.6742666 1.6127733 0.70272416 0.16649105
7575.7856 1.9728752 1.9290512 0.46948966 0.16604361
7579.3403 1.9896249 1.9785217 0.34955487 0.16388747
7582.8945 1.8174845 1.7309865 0.43028063 0.16287857
7586.4487 1.8549522 1.7938817 0.38534254 0.16307822
7590.0034 1.1958202 1.1715449 0.33764735 0.14585043
7593.5576 0.95041436 0.99959916 0.2747076 0.13654652
7597.112 0.4017538 0.45021155 0.2866961 0.121217586
7600.6665 0.37264806 0.5545827 0.31440294 0.11879991
7604.2207 0.60464364 0.6332944 0.26829398 0.12675056
7607.775 0.81726646 0.8071401 0.22891699 0.13251257
7611.3296 1.375137 1.3230463 0.23550746 0.1475623
7614.884 1.1128128 1.1747597 0.37561217 0.14334728
7618.438 1.2778351 1.2441511 0.3378605 0.14799513
7621.9927 1.0027431 0.9926328 0.29165626 0.13886333
7625.547 0.9520091 0.91700643 0.44030428 0.14232711
7629.101 1.1319145 1.1583794 0.25198218 0.14192088
7632.656 0.9594361 0.95332766 0.33738562 0.13976274
7636.21 0.9279347 0.9890956 0.28341135 0.1365086
7639.764 1.1785262 1.1935458 0.28615293 0.14378838
7643.319 1.4315178 1.4087137 0.21583804 0.1493792
7646.873 1.3245876 1.2692555 0.29673323 0.14889625
7650.4272 1.1415702 1.1126525 0.43369862 0.14750937
7653.982 1.5565231 1.4681474 0.3811582 0.1567928
7657.536 1.8030077 1.7018405 0.40104532 0.16300793
7661.0903 1.8563366 1.7908679 0.26144323 0.16044584
7664.645 1.6379745 1.5640986 0.40074235 0.15827088
7668.199 1.6885152 1.6241096 0.50001115 0.1614595
7671.7534 1.839026 1.8271164 0.39611346 0.16170007
7675.308 1.7866609 1.7950408 0.3716389 0.15976429
7678.8623 1.7620844 1.7474033 0.34877682 0.15897305
7682.4165 1.5879545 1.5638726 0.3905741 0.15622003
7685.971 1.5821022 1.5159664 0.4353311 0.15850145
7689.5254 1.7820334 1.7151212 0.38897908 0.1617332
7693.0796 1.7637318 1.7440308 0.3387298 0.15873627
7696.6343 1.7627112 1.7120785 0.45932925 0.16211371
7700.1885 1.7049149 1.7455755 0.5597186 0.16215675
7703.7427 1.7376194 1.8650552 0.6600274 0.16311656
7707.2974 2.0509312 2.0155292 0.80735713 0.17432435
7710.8516 1.6515775 1.5997752 0.8635099 0.16667907
7714.406 1.7847364 1.7812679 0.8619208 0.1699196
7717.9604 1.7638038 1.7926283 0.74517035 0.16612066
7721.5146 1.8559332 1.8329458 0.44851387 0.16344991
7725.069 1.8290782 1.8052027 0.508717 0.16378106
7728.6235 1.5996475 1.6494297 0.5374434 0.15953577
7732.1777 1.5523751 1.5642787 0.4057142 0.15739313
7735.732 1.6752445 1.6189193 0.5290351 0.16168353
7739.2866 1.8005112 1.817815 0.6693068 0.16637717
7742.841 2.0460196 1.9369427 0.7082603 0.17295592
7746.395 1.9752913 1.8818972 1.0130938 0.17761716
7749.9497 1.7798696 1.6929967 0.92992526 0.1716948
7753.504 1.6649007 1.6509292 0.5719774 0.16235138
7757.058 1.6726635 1.6907923 0.49489963 0.16003904
7760.613 1.732507 1.6703317 0.5370642 0.16252331
7764.167 2.2414148 2.1775236 0.3464612 0.170275
7767.721 1.4678044 1.3982677 0.63402027 0.16027065
7771.276 2.0205014 1.9725835 0.39249337 0.16628511
7774.83 1.9933952 1.9578404 0.5447556 0.16911486
7778.3843 1.5544763 1.5313675 0.52970684 0.1583952
7781.939 1.9915192 1.9080001 0.67718536 0.17106217
7785.493 1.5515318 1.5729045 0.796708 0.163052
7789.0474 1.853236 1.8405504 0.7916686 0.16990927
7792.602 1.9103156 1.7953573 0.72165906 0.17117384
7796.1562 2.023328 1.9231982 0.53604 0.16965236
7799.7104 1.7488585 1.7244563 0.5569366 0.1629003
7803.265 1.7086109 1.704663 0.5172075 0.16222468
7806.8193 1.7466874 1.7298032 0.80781907 0.1684587
7810.3735 1.9722153 1.9091455 0.70080906 0.17125253
7813.928 1.9183117 2.001527 0.6948897 0.16925949
7817.4824 1.8578042 1.9018128 0.6992414 0.16889912
7821.0366 1.6700398 1.6148336 0.642058 0.16364665
7824.5913 2.0394754 2.0089688 0.38951245 0.1665029
7828.1455 2.1750994 2.1296937 0.40794834 0.16998382
7831.6997 1.915189 1.8528477 0.48769593 0.16554914
7835.2544 2.0450048 1.9451846 0.52222127 0.17090367
7838.8086 1.7319013 1.6957461 0.79933214 0.1678827
7842.363 1.635419 1.6503425 0.83245623 0.16519925
7845.9175 1.9200157 1.8230029 0.7598463 0.17225225
7849.4717 2.0392373 1.989433 0.77799296 0.17413327
7853.026 1.9168502 1.8875859 0.71917045 0.1698927
7856.5806 1.801975 1.7128994 0.75300145 0.16873956
7860.135 1.9630202 1.9287694 0.6364964 0.1696481
7863.689 1.7518955 1.7393613 0.5647543 0.16361488
7867.2437 1.5871075 1.5604666 0.7394917 0.16362438
7870.798 1.7321658 1.6766056 0.6152772 0.16540211
7874.3525 1.8143842 1.7785084 0.5910852 0.16571274
7877.9067 1.9464918 1.8810102 0.69346756 0.17126757
7881.461 2.0464113 1.9950156 0.5266188 0.17071667
7885.0156 1.8478746 1.872724 0.5609698 0.16543986
7888.57 1.6512656 1.7153049 0.50342786 0.16104499
7892.124 2.0435612 2.0427485 0.40754068 0.16730297
7895.6787 2.0501451 1.9630704 0.47877607 0.16983937
7899.233 1.9534068 1.9105781 0.7140401 0.17078029
7902.787 1.8450365 1.9292086 0.90007234 0.17078348
7906.342 1.9866737 2.021639 0.9016058 0.17489156
7909.896 2.2540374 2.2327266 0.8470229 0.17913394
7913.45 1.8678641 1.8625431 0.84882224 0.17141819
7917.005 1.7441009 1.838281 0.695928 0.16552334
7920.559 1.5135864 1.4971112 0.7242305 0.16143957
7924.1133 1.7247171 1.5875417 0.44942653 0.16273768
7927.668 1.9439374 1.9853021 0.32962605 0.16309819
7931.222 1.7368143 1.6974837 0.37691978 0.16013367
7934.7764 1.8474147 1.7890466 0.44373274 0.16348302
7938.331 1.9197446 1.7803295 0.44917098 0.16681948
7941.8853 2.0712066 2.0698934 0.4302506 0.16801922
7945.4395 1.7300419 1.7252449 0.55404174 0.16273001
7948.994 1.8447081 1.9133062 0.7277402 0.16874431
7952.5483 2.0611687 1.9805518 0.70055276 0.17348747
7956.1025 2.0350149 2.014409 0.67026305 0.17209855
7959.657 1.7285504 1.6507405 0.78450936 0.1684206
7963.2114 1.7182783 1.7853054 0.7100495 0.16492903
7966.7656 1.6627303 1.6995075 0.47107136 0.15941828
7970.3203 2.032108 2.10409 0.43222934 0.16618693
7973.8745 1.9498812 1.9026697 0.57464683 0.1685006
7977.4287 1.8932261 1.8096306 0.74514556 0.17156196
7980.9834 1.6418275 1.6099751 0.7841235 0.16553386
7984.5376 1.775325 1.6885991 0.71654433 0.16776234
7988.092 1.9421465 1.9297475 0.7322864 0.17103113
7991.6465 1.7484721 1.7829989 0.5062578 0.162608
7995.2007 1.7878118 1.751547 0.34607786 0.16128977
7998.755 1.8297745 1.7476488 0.4815224 0.16455193
8002.3096 1.8492835 1.7564523 0.44380227 0.1648905
8005.864 1.8039504 1.715761 0.4871278 0.16508733
8009.418 1.7202983 1.654136 0.64713955 0.16550879
8012.9727 1.6248115 1.6147571 0.63425714 0.16191027
8016.527 1.7043628 1.6543934 0.6381796 0.16447258
8020.081 1.7801841 1.657332 0.7073469 0.16837859
8023.6357 1.697763 1.6487422 0.53231823 0.16199446
8027.19 1.9758675 1.9716097 0.2155245 0.1617435
8030.744 1.7055374 1.6828461 0.33348507 0.15789725
8034.299 1.6840895 1.6757241 0.43752584 0.15986806
8037.853 2.1126256 2.1185212 0.35509077 0.16752398
8041.407 1.8265532 1.8017193 0.38428375 0.16208869
8044.962 1.771858 1.7071431 0.441692 0.16341124
8048.516 1.7086382 1.6483412 0.49008512 0.16206244
8052.0703 1.6539487 1.6163014 0.42626563 0.15923518
8055.625 1.6993054 1.6540581 0.43810445 0.16167647
8059.179 1.8431101 1.8325714 0.4232175 0.16295497
8062.7334 2.0484993 1.9415327 0.2818846 0.16575162
8066.288 1.6187047 1.5935291 0.35758856 0.15680963
8069.8423 1.7500494 1.6658345 0.39939776 0.16207406
8073.3965 1.7758626 1.7146214 0.38168666 0.16072835
8076.951 2.0243301 1.9377306 0.35053957 0.16746727
8080.5054 1.5970447 1.531217 0.39265797 0.15741658
8084.0596 1.7069169 1.6107143 0.47807944 0.16232525
8087.6143 2.1000235 2.0412335 0.35101828 0.16779536
8091.1685 1.9614027 2.003175 0.3542239 0.1643218
8094.7227 1.8460039 1.8839599 0.25736606 0.15926322
8098.2773 1.8001043 1.8142731 0.38593936 0.1616126
8101.8315 1.6377996 1.6614332 0.3305889 0.15584272
8105.3857 1.682434 1.6195004 0.42595357 0.16052961
8108.9404 1.6489578 1.6224087 0.339535 0.15741219
8112.4946 1.6196676 1.5878009 0.4151287 0.15890181
8116.049 1.6696956 1.5578392 0.34839466 0.15911174
8119.6035 1.6502731 1.6617978 0.33290198 0.1563095
8123.1577 1.5462493 1.5962995 0.40224624 0.1553231
8126.712 1.6726393 1.5893699 0.4159004 0.15989153
8130.2666 1.7813824 1.7188706 0.33972985 0.16095598
8133.821 1.7936097 1.7537078 0.28398174 0.16001222
8137.375 1.787518 1.7279079 0.32984927 0.1604481
8140.9297 1.7067785 1.6292925 0.34781754 0.15872511
8144.484 1.6104379 1.6120453 0.37463647 0.1567804
8148.038 1.5993803 1.6236781 0.33713445 0.15592353
8151.593 1.6818445 1.5876364 0.28437003 0.15728146
8155.147 1.6614513 1.7050346 0.32504326 0.15634114
8158.701 1.6787584 1.7469856 0.2617624 0.1554442
8162.256 1.7682145 1.678933 0.25933856 0.15898813
8165.81 1.6854979 1.6309805 0.35521698 0.15869227
8169.3643 1.6523346 1.5904367 0.2938955 0.15659463
8172.919 1.6308366 1.6131334 0.2813421 0.1559745
8176.473 1.5072665 1.4710273 0.43178555 0.15573479
8180.0273 1.5341394 1.5301508 0.38627738 0.15605885
8183.582 1.4875883 1.4241984 0.45782718 0.15656352
8187.136 1.4083879 1.3974602 0.33189824 0.15098059
8190.6904 1.7060953 1.6011486 0.25276905 0.15757816
8194.245 1.5661126 1.4949261 0.26023492 0.15469788
8197.8 1.4610407 1.3627385 0.27986786 0.15250489
8201.354 1.5504665 1.4686877 0.33031186 0.15667443
8204.908 1.731004 1.6967438 0.25211945 0.15731534
8208.463 1.749343 1.7538699 0.23011874 0.15652378
8212.017 1.5155077 1.4204731 0.25545278 0.15334263
8215.571 1.4301767 1.4586892 0.34834078 0.15141773
8219.126 1.212046 1.2734644 0.27379778 0.14437333
8222.68 1.7361302 1.693131 0.3062287 0.15887024
8226.234 1.5257634 1.4198769 0.3862969 0.15697
8229.789 1.3384655 1.2669811 0.37321037 0.15145253
8233.343 1.5363847 1.4887192 0.3500161 0.1551092
8236.897 1.5907383 1.5352484 0.33397356 0.15605797
8240.452 1.5434084 1.5155824 0.25162986 0.15300244
8244.006 1.4063289 1.3623254 0.29995206 0.1523118
8247.561 1.4252688 1.3715128 0.3841742 0.15348083
8251.115 1.6062164 1.5474329 0.29937017 0.15571862
8254.669 1.5263485 1.4488714 0.30761006 0.15506707
8258.224 1.4555938 1.3587792 0.42814472 0.15598032
8261.778 1.4522033 1.3953613 0.47959393 0.15608934
8265.332 1.3417381 1.258665 0.6328733 0.1568542
8268.887 1.5709059 1.4634974 0.73617536 0.16469802
8272.441 1.7262242 1.7182693 0.7243437 0.16595103
8275.995 1.4991446 1.4128933 0.83965236 0.16460894
8279.55 1.440755 1.3558551 0.80389446 0.16241318
8283.1045 1.4244456 1.4045476 0.636417 0.1572307
8286.658 1.5021925 1.4700024 0.55222183 0.15827595
8290.213 1.3522836 1.3047462 0.64539784 0.15639785
8293.768 1.463806 1.3516872 0.45663992 0.1559691
8297.321 1.2445343 1.1629263 0.41547945 0.1497742
8300.876 1.465766 1.484392 0.35056424 0.1529313
8304.431 1.4067643 1.3697098 0.3481602 0.15194507
8307.984 1.5995715 1.5863699 0.24281952 0.15444161
8311.539 1.6008334 1.5846374 0.26894426 0.15557478
8315.094 1.5301154 1.4658284 0.34383756 0.15648879
8318.647 1.3687695 1.3520548 0.34223583 0.15025406
8322.202 1.2910854 1.2148863 0.922985 0.16171758
8325.757 1.426716 1.406415 1.0097798 0.16542743
8329.311 1.589858 1.5811809 1.126207 0.1714767
8332.865 1.5157877 1.4603237 1.1425047 0.1695104
8336.42 1.5152681 1.4964014 1.0167114 0.16758564
8339.974 1.4915382 1.4846061 0.6621469 0.15980001
8343.528 1.465474 1.4730544 0.5608067 0.15639903
8347.083 1.487084 1.4708991 0.48902684 0.15576161
8350.637 1.5644768 1.5085849 0.33995986 0.15626189
8354.191 1.5238942 1.4555485 0.29891962 0.1542946
8357.746 1.5203137 1.4423242 0.3291501 0.15437232
8361.3 1.4464889 1.4142292 0.37939408 0.15381232
8364.8545 1.4739207 1.4448099 0.44486716 0.15517029
8368.409 1.4743338 1.4245955 0.49111736 0.15630531
8371.963 1.2012192 1.1973448 0.5133454 0.1505544
8375.518 1.3395289 1.360541 0.6687365 0.15697572
8379.072 1.2033312 1.2680858 0.7874751 0.15464662
8382.626 1.327892 1.3174106 0.8325158 0.15834247
8386.181 1.4608027 1.4244528 0.79399526 0.16156524
8389.735 1.5740663 1.5197477 0.8095246 0.16472128
8393.289 1.8244082 1.7975019 0.38059542 0.1611656
8396.844 1.3532103 1.2843888 0.54298437 0.15536897
8400.398 1.8076117 1.774181 0.315794 0.15963346
8403.952 1.3924841 1.3429939 0.52603 0.15446147
8407.507 1.587853 1.5370628 0.9042132 0.1668404
8411.062 1.3764759 1.3377081 0.9067433 0.16224977
8414.615 1.199163 1.0963205 0.7887876 0.15683158
8418.17 1.1950065 1.120117 0.83529484 0.15640944
8421.725 1.5666642 1.5321105 0.6198474 0.16061418
8425.278 1.4328468 1.4287779 0.31253666 0.15112212
8428.833 1.2819937 1.2620492 0.34280136 0.14825918
8432.388 1.5138482 1.4904271 0.30234286 0.15328723
8435.941 1.3802044 1.4404099 0.35305008 0.15058349
8439.496 1.3315201 1.3677788 0.592103 0.15401222
8443.051 1.4152076 1.3745327 0.6458153 0.15702929
8446.6045 1.5574702 1.5521084 0.5403487 0.15827213
8450.159 1.547248 1.5269681 0.563747 0.15905277
8453.714 1.2639822 1.1917028 0.6528637 0.15467808
8457.268 1.2825954 1.2889632 0.55499715 0.15258218
8460.822 1.2936103 1.3178285 0.35516477 0.14833397
8464.377 1.4332086 1.3781025 0.25516748 0.15054213
8467.931 1.3153495 1.314105 0.3158316 0.14782968
8471.485 1.2645131 1.2326388 0.29412726 0.14730914
8475.04 1.410455 1.365321 0.2980753 0.1505895
8478.594 1.4789262 1.4175665 0.39273757 0.15421666
8482.148 1.3541466 1.2931474 0.46211362 0.15251723
8485.703 1.5806935 1.5207745 0.48753768 0.15847664
8489.257 1.1203654 1.07807 0.4721838 0.14743575
8492.812 1.3706069 1.2943617 0.41176903 0.15184851
8496.366 1.3456221 1.2872967 0.39508638 0.1513382
8499.92 1.3188353 1.2813069 0.3591211 0.14996271
8503.475 1.2917621 1.3486032 0.44179156 0.14913031
8507.029 1.2046071 1.2072401 0.37657365 0.14599022
8510.583 1.3651245 1.4002248 0.35576355 0.14936888
8514.138 1.4065244 1.3803394 0.37114477 0.15155049
8517.692 1.3088486 1.2513 0.33311135 0.14876369
8521.246 1.5918196 1.5837407 0.3231283 0.15446894
8524.801 1.3973182 1.3940189 0.35513613 0.15060188
8528.355 1.1789101 1.1729445 0.3915071 0.14639238
8531.909 1.393997 1.3501363 0.3516632 0.15057302
8535.464 1.2416109 1.223585 0.3086166 0.14580715
8539.019 1.5529016 1.509766 0.28725046 0.15322123
8542.572 1.1495959 1.1362787 0.23692408 0.14163113
8546.127 1.1704817 1.166068 0.31058252 0.14364628
8549.682 1.255864 1.2157347 0.32921824 0.14703447
8553.235 1.1572434 1.0984535 0.28858894 0.14292362
8556.79 1.4127789 1.4238919 0.21697702 0.14774047
8560.345 1.2110686 1.1524895 0.25917473 0.14393456
8563.898 1.278589 1.1979004 0.23151335 0.14522678
8567.453 1.4281197 1.4253355 0.28045893 0.1489178
8571.008 1.3156255 1.3820691 0.33726668 0.14645803
8574.562 1.3998071 1.4088326 0.2996521 0.14854719
8578.116 1.3155216 1.2717957 0.31962615 0.1472529
8581.671 1.3362181 1.3645906 0.31184512 0.14765541
8585.225 1.4183333 1.478717 0.25504285 0.14804536
8588.779 1.1500856 1.2487624 0.2494132 0.14011681
8592.334 1.1869311 1.2291677 0.28265822 0.14312366
8595.888 1.3106154 1.2629089 0.3670436 0.1487673
8599.442 1.1162112 1.0893924 0.45072448 0.14524367
8602.997 1.2766494 1.2373234 0.55123436 0.15204318
8606.551 1.3088262 1.3442104 0.71087116 0.15395841
8610.105 1.1720865 1.1319675 0.75148636 0.15342961
8613.66 1.2528136 1.1819944 0.7453041 0.15658602
8617.214 1.3516055 1.3817728 0.42976782 0.1498945
8620.769 1.2736154 1.2929863 0.63676655 0.15212308
8624.323 1.2907313 1.3288828 0.49294505 0.14929889
8627.877 1.1125168 1.1224253 0.6453604 0.14834073
8631.432 1.1164364 1.089882 0.65262145 0.14908917
8634.986 1.4627329 1.4332966 0.52973074 0.15488705
8638.54 1.3354362 1.3055527 0.6458051 0.15401474
8642.095 1.4437096 1.3727698 0.66605735 0.15743938
8645.649 1.45297 1.3996543 0.6014129 0.15582745
8649.203 1.1919892 1.1569401 0.635916 0.15092967
8652.758 1.0962213 1.0460482 0.63810277 0.14918719
8656.3125 1.1216868 1.1616286 0.59337425 0.1465896
8659.866 1.1980264 1.2729498 0.5192031 0.14623483
8663.421 1.2785075 1.2588909 0.3898335 0.14712843
8666.976 1.4087479 1.3908632 0.34383523 0.14931995
8670.529 1.4883249 1.4771278 0.3514741 0.15105471
8674.084 1.2622411 1.3129692 0.3441507 0.14494026
8677.639 1.1431178 1.1153249 0.3572676 0.14310548
8681.192 1.09174 1.1211116 0.31921938 0.13976574
8684.747 1.3753114 1.3519939 0.3099928 0.1481008
8688.302 1.2398477 1.2439641 0.2395886 0.14348006
8691.855 1.054167 1.0546285 0.28250024 0.13905524
8695.41 1.0490847 1.0193611 0.38044068 0.14086239
8698.965 1.0762072 1.076557 0.23698947 0.13856597
8702.52 1.1479863 1.0850717 0.23325108 0.14171873
8706.073 1.1653795 1.086881 0.31625393 0.14379454
8709.628 1.1601787 1.1092172 0.28090343 0.14179812
8713.183 1.2663038 1.2249242 0.24345659 0.14355512
8716.736 1.1045157 1.1373745 0.32718763 0.14057069
8720.291 0.96890396 0.9964434 0.41248143 0.13874123
8723.846 1.3004395 1.2825316 0.2748587 0.14465737
8727.399 1.0912961 1.1254964 0.26847816 0.13854241
8730.954 1.1096659 1.1445377 0.32675222 0.13985929
8734.509 1.2319956 1.2674191 0.30900383 0.14389512
8738.0625 1.1703188 1.1565506 0.5496975 0.14722309
8741.617 1.1007628 1.1237897 0.6209658 0.14580284
8745.172 1.1009033 1.0963984 0.80330956 0.15011813
8748.726 1.0624352 1.2037805 0.8889869 0.14922746
8752.28 1.241014 1.2481842 0.95481724 0.15598902
8755.835 1.4281287 1.3350499 1.0037969 0.16261719
8759.389 1.2148095 1.1912434 0.9594203 0.15531859
8762.943 0.8806495 0.83726805 0.8587061 0.14544095
8766.498 1.0200773 0.96858037 0.7909969 0.14784731
8770.052 1.1866874 1.2501549 0.6484896 0.14724544
8773.606 1.0101434 1.1163572 0.45766184 0.1387823
8777.161 1.1259546 1.1078187 0.47391328 0.14366384
8780.715 0.9854403 1.013926 0.36204213 0.13766837
8784.27 0.9376214 0.97800386 0.3401842 0.13526483
8787.824 0.9224178 0.9770534 0.16588216 0.13051276
8791.378 0.933781 0.9935493 0.27678555 0.13331473
8794.933 0.95372415 0.99654216 0.31498387 0.13443854
8798.487 1.000768 1.053372 0.3309685 0.13639604
8802.041 1.1405805 1.136032 0.4126334 0.14264973
8805.596 1.1704265 1.1597472 0.8478406 0.15146755
8809.15 1.0267428 1.0992105 1.0753504 0.15074472
8812.704 1.1396935 1.1622254 1.1411357 0.15498415
8816.259 1.4086477 1.4851189 1.3250924 0.16448793
8819.813 1.4574463 1.5894 1.1607522 0.16226658
8823.367 1.3445629 1.2364053 0.83574563 0.15648481
8826.922 0.9549489 1.0515908 0.6225468 0.14038895
8830.477 0.98667467 1.02825 0.6819564 0.1426523
8834.03 1.1644747 1.2123128 0.3932171 0.14183116
8837.585 1.1052858 1.1419022 0.40569323 0.1407024
8841.14 1.2230632 1.1863835 0.43184072 0.14444494
8844.693 0.97036445 1.0696564 0.32759535 0.13472964
8848.248 1.2102376 1.2395873 0.42764336 0.14345133
8851.803 1.2288051 1.2896509 0.37678084 0.14196746
8855.356 0.9744196 1.0477676 0.39932722 0.13628075
8858.911 1.1533523 1.1279143 0.45240578 0.14342737
8862.466 1.0666223 1.0839999 0.48994502 0.14057629
8866.02 0.92654705 0.9884914 0.7964865 0.14193223
8869.574 1.2794644 1.3644412 0.7774862 0.15078463
8873.129 0.8454565 0.7735689 0.83382064 0.14278612
8876.683 1.1923522 1.2507188 0.8871424 0.15047103
8880.237 1.1594397 1.1332835 0.72659105 0.14782624
8883.792 0.9654906 0.99615836 0.41765103 0.13622162
8887.346 0.8819483 0.918638 0.47324586 0.13424969
8890.9 0.8086489 0.765913 0.60552955 0.13656113
8894.455 0.8994307 0.956873 0.5694103 0.13691206
8898.009 0.9843718 1.0462482 0.6060771 0.13939558
8901.563 0.9017477 0.8165907 0.8043853 0.1429872
8905.118 0.91671354 0.9128069 0.85487896 0.1435369
8908.672 0.98701924 1.106637 0.7136275 0.14228575
8912.227 0.9471371 0.9666625 0.7939728 0.14352259
8915.781 1.0706377 1.120243 0.8311375 0.14543991
8919.335 0.99201465 1.1189045 0.25024834 0.13206904
8922.89 1.0662321 1.1639465 0.21768668 0.13345635
8926.444 0.9395316 1.0453286 0.44687685 0.13423865
8929.998 0.81075937 0.90344965 0.41201594 0.1297363
8933.553 0.8746372 1.0009562 0.36071023 0.13053545
8937.107 0.92422163 1.0209461 0.48237452 0.13449936
8940.661 1.1096833 1.1937338 0.60711455 0.14172734
8944.216 0.9998407 1.0796136 0.7210279 0.14095737
8947.7705 0.67003465 0.7266023 0.7669286 0.13295285
8951.324 1.0888581 1.2234676 0.6602481 0.14252715
8954.879 0.9113149 0.8587902 0.673703 0.13951312
8958.434 0.6420638 0.83746004 0.3313275 0.1214991
8961.987 0.7988632 0.8784563 0.2220004 0.12535697
8965.542 0.8382471 0.88533 0.26691273 0.12718526
8969.097 0.9557226 0.9698248 0.2544706 0.13074791
8972.65 1.0204412 1.019106 0.33414212 0.13492033
8976.205 0.8074312 0.8084422 0.4329512 0.13038422
8979.76 0.6094289 0.6571063 0.43533334 0.123834126
8983.313 0.74419874 0.8647446 0.46072522 0.12763993
8986.868 1.0221905 1.0565251 0.49759978 0.13708697
8990.423 0.9969064 0.95148623 0.47686875 0.13642336
8993.977 0.7083294 0.68667465 0.5278497 0.12883686
8997.531 0.7752637 0.73864585 0.4094465 0.12848173
9001.086 1.0081933 1.0798934 0.23533224 0.13121226
9004.64 0.86311686 0.9654352 0.26737064 0.12691958
9008.194 0.8382402 0.8650343 0.28585008 0.12693396
9011.749 0.83546567 0.8514123 0.26302558 0.12668283
9015.303 0.72106946 0.74247533 0.27179116 0.12308278
9018.857 0.6685305 0.6497098 0.28593424 0.12197116
9022.412 0.72094095 0.74601924 0.29965982 0.12370752
9025.966 0.9417506 1.0557693 0.29841 0.12890868
9029.5205 0.8103579 0.89114577 0.39129466 0.12775692
9033.075 0.80068517 0.8340669 0.398431 0.12720707
9036.629 0.76079214 0.837577 0.39475742 0.12617752
9040.184 0.77625835 0.8390525 0.3616455 0.1260115
9043.738 0.62481713 0.80101144 0.31475222 0.118476704
9047.292 0.5390212 0.72125363 0.34642607 0.11615111
9050.847 0.67789745 0.69964325 0.35399327 0.12235206
9054.401 0.78378916 0.81565696 0.24932589 0.123725556
9057.955 0.75971204 0.8520131 0.21326806 0.12157966
9061.51 0.69283885 0.709929 0.2762215 0.12118612
9065.064 0.9141038 0.95749885 0.24776581 0.1274819
9068.618 0.7219707 0.8093201 0.2300804 0.12069947
9072.173 0.87067753 0.9463589 0.27696362 0.12591703
9075.728 0.7738572 0.808597 0.2821565 0.12332597
9079.281 0.6621907 0.6877959 0.2802286 0.11987382
9082.836 0.68645966 0.81255627 0.29814282 0.12058198
9086.391 0.6037567 0.82189596 0.24683607 0.116226315
9089.944 0.693541 0.8500785 0.21866706 0.11783537
9093.499 0.79624206 0.89988726 0.32197168 0.12390662
9097.054 0.77006906 0.8527102 0.28168383 0.12235644
9100.607 0.6293181 0.69362104 0.428743 0.12142459
9104.162 0.57330817 0.58394444 0.34139028 0.117685206
9107.717 0.64745724 0.6648151 0.25563255 0.11803578
9111.2705 0.72369325 0.81771976 0.29562914 0.12009811
9114.825 0.58865684 0.71362925 0.30114758 0.115199976
9118.38 0.4866735 0.56949705 0.21479604 0.111200154
9121.934 0.7091433 0.78600115 0.1544688 0.11731839
9125.488 0.76064897 0.8914293 0.24051012 0.12004589
9129.043 0.6533919 0.7614464 0.19616525 0.11552549
9132.597 0.6794492 0.7028525 0.21885666 0.117464505
9136.151 0.65171534 0.71814066 0.22639114 0.11645881
9139.706 0.5416094 0.671826 0.28736788 0.113594495
9143.26 0.5462116 0.6397122 0.34922326 0.114792705
9146.814 0.6740574 0.72418654 0.30326837 0.11792923
9150.369 0.6185603 0.65841854 0.2990145 0.11587209
9153.923 0.40972015 0.4509396 0.37192237 0.109984376
9157.478 0.59688324 0.762823 0.25687346 0.113281325
9161.032 0.61503375 0.71974474 0.29689544 0.114970565
9164.586 0.6364402 0.739814 0.26901427 0.115431756
9168.141 0.6993835 0.85373926 0.26991025 0.11678414
9171.695 0.6315336 0.65721726 0.34950602 0.1166401
9175.249 0.61183494 0.64470595 0.27967185 0.11456241
9178.804 0.7877794 0.9683887 0.16126625 0.116755724
9182.358 0.81735295 0.87208843 0.27122933 0.120752536
9185.912 0.5982682 0.78077835 0.27557743 0.11265435
9189.467 0.5817699 0.7490374 0.17541398 0.11029916
9193.021 0.6161585 0.71710384 0.25281012 0.11328136
9196.575 0.60077715 0.7179992 0.25185144 0.11309171
9200.13 0.5739326 0.7121844 0.2269262 0.11185697
9203.685 0.55315995 0.67423725 0.25373 0.111145385
9207.238 0.67549396 0.7774771 0.2014823 0.11361721
9210.793 0.9295094 1.0559869 0.16028921 0.12105707
9214.348 0.84794194 1.0464348 0.22870404 0.119175285
9217.901 0.69882953 0.7130894 0.26185474 0.116366826
9221.456 0.67336917 0.71136993 0.27349752 0.1153581
9225.011 0.5565931 0.68684053 0.28365108 0.11121171
9228.564 0.5238431 0.58863646 0.2846644 0.110154815
9232.119 0.5964925 0.6789773 0.28266063 0.11209545
9235.674 0.6288658 0.83619404 0.24262 0.11205734
9239.228 0.7302037 0.87274724 0.16351417 0.11350583
9242.782 0.52421945 0.7478495 0.20889048 0.10765486
9246.337 0.59978974 0.70832884 0.22647089 0.110354066
9249.891 0.4981237 0.6062999 0.32562432 0.10839521
9253.445 0.59028584 0.7094982 0.30884743 0.111875944
9257.0 0.7362837 0.80656344 0.18781942 0.11517295
9260.554 0.57754487 0.7471374 0.15977673 0.1079303
9264.108 0.5705462 0.80430186 0.19213149 0.10697995
9267.663 0.53652996 0.5364831 0.28585115 0.108920015
9271.217 0.37816694 0.48001334 0.31419832 0.10235074
9274.771 0.4883948 0.5377851 0.32780528 0.10722812
9278.326 0.5991807 0.66935813 0.26509327 0.11063919
9281.88 0.48719352 0.6865327 0.2215012 0.10537848
9285.435 0.36569425 0.4620309 0.26795912 0.1018464
9288.989 0.40325066 0.39899334 0.2634876 0.102540135
9292.543 0.5324362 0.78317446 0.19337323 0.10551082
9296.098 0.68368715 0.9063913 0.17004745 0.110522434
9299.652 0.68955964 0.80301076 0.21357578 0.11162763
9303.206 0.40160847 0.4517467 0.31310743 0.102570005
9306.761 0.36317977 0.47625375 0.3108114 0.10037509
9310.315 0.52628684 0.6663328 0.31695512 0.106478184
9313.869 0.373871 0.3853933 0.5603343 0.10544805
9317.424 0.4442713 0.5672354 0.7546365 0.10951434
9320.979 0.42743203 0.60047 0.7780418 0.109440215
9324.532 0.48670068 0.6795675 0.68126893 0.11021929
9328.087 0.45247123 0.6164737 0.7520504 0.11040987
9331.642 0.39384055 0.5195314 0.87294495 0.10990431
9335.195 0.40367073 0.5081329 0.76417595 0.108091004
9338.75 0.3028823 0.38307002 0.58568954 0.10282497
9342.305 0.2800564 0.43377748 0.5853463 0.101779
9345.858 0.37252888 0.49641046 0.49815047 0.10236037
9349.413 0.35277045 0.560569 0.448596 0.099298835
9352.968 0.3725373 0.5579584 0.33430704 0.09855853
9356.522 0.45479536 0.48370126 0.29587328 0.101668134
9360.076 0.36385348 0.42149016 0.39806488 0.09877747
9363.631 0.18927972 0.40590465 0.28094745 0.08905736
9367.186 0.24503502 0.4560041 0.2514989 0.08962449
9370.739 0.22830848 0.36816987 0.30712798 0.091509365
9374.294 0.30918422 0.3974571 0.35532898 0.097001046
9377.849 0.40816596 0.6268395 0.2949882 0.09827682
9381.402 0.35007283 0.6141165 0.23909904 0.09406222
9384.957 0.3082111 0.2615533 0.49018192 0.09859761
9388.512 0.41179866 0.34155345 0.96430206 0.10899473
9392.065 0.53982955 0.6797195 0.986991 0.11297591
9395.62 0.29115573 0.49281523 0.9434195 0.102816574
9399.175 0.19042917 0.38969103 0.91924775 0.097985186
9402.729 0.31123388 0.45323747 0.7488931 0.09991219
9406.283 0.28888154 0.32769987 0.4955038 0.09600479
9409.838 0.40484446 0.574057 0.31438085 0.095727146
9413.392 0.27911308 0.35987508 0.34572378 0.09244641
9416.946 0.36956942 0.5124075 0.34006116 0.09637337
9420.501 0.49165285 0.6655036 0.32333142 0.09937153
9424.055 0.35880387 0.53273344 0.3547105 0.09431277
9427.609 0.2500703 0.502942 0.35991868 0.090878226
9431.164 0.37962213 0.5618841 0.3373554 0.09433595
9434.718 0.28595975 0.6266678 0.33970153 0.091094024
9438.272 0.3034703 0.47869286 0.34711793 0.09280199
9441.827 0.36424464 0.33218244 0.40959388 0.09550363
9445.381 0.2734374 0.39400873 0.42775702 0.09036543
9448.936 0.2038603 0.5166332 0.33978763 0.08519055
9452.49 0.32081565 0.47639233 0.30482644 0.09000882
9456.044 0.27641717 0.36406592 0.3329865 0.09003466
9459.599 0.2689645 0.3457245 0.5615819 0.09260223
9463.153 0.28949505 0.4504223 0.6736302 0.09398499
9466.707 0.38029554 0.57937074 0.6296073 0.096732564
9470.262 0.4215681 0.5105525 0.6660784 0.09861755
9473.816 0.18557243 0.26315945 0.6473977 0.08829509
9477.37 0.405926 0.48417327 0.42142192 0.09476956
9480.925 0.37056765 0.42227048 0.42725828 0.09180314
9484.4795 0.27509525 0.46740443 0.4827473 0.08749665
9488.033 0.34471074 0.64884967 0.3696106 0.08919833
9491.588 0.2679547 0.51159716 0.31221703 0.08460855
9495.143 0.19777551 0.622572 0.41533768 0.082397215
9498.696 0.28591287 0.57278496 0.43205693 0.087016344
9502.251 0.27180392 0.5671754 0.49314842 0.086207174
9505.806 0.24666537 0.52823186 0.60388994 0.086791
9509.359 0.3286934 0.35183337 0.66208816 0.09362507
9512.914 0.25000268 0.4000595 0.68108654 0.08851328
