3388.592 0.21777743 0.307764 0.50629914 0.23142071
3392.1682 0.03669906 0.124974616 0.4687252 0.22225362
3395.7441 -0.08009068 0.073486865 0.5081447 0.21840177
3399.3203 -0.07042999 0.050638005 0.47155875 0.21891138
3402.8965 0.07543323 0.105734326 0.31793258 0.22132567
3406.4724 0.25579047 0.28865066 0.1671049 0.22251661
3410.0486 0.2580412 0.24110368 0.17371038 0.2221986
3413.6245 -0.0045499657 -0.0151818525 0.27849385 0.22008976
3417.2007 -0.052246835 -0.026036648 0.3512103 0.22200331
3420.7769 0.22825217 0.22329724 0.33994123 0.22650273
3424.3528 0.12127526 0.09303832 0.30855012 0.22244158
3427.929 0.26240137 0.1861163 0.32736075 0.22903264
3431.5051 0.31685406 0.27824593 0.34006843 0.23001486
3435.081 -0.040934358 -0.009617023 0.38121653 0.21744923
3438.6572 -0.26184943 -0.24562876 0.43808466 0.21168095
3442.2334 0.22117352 0.28272298 0.29470515 0.2232701
3445.8093 0.32967877 0.4082545 0.28299594 0.22628194
3449.3855 0.25307173 0.29843146 0.21027407 0.22471334
3452.9617 0.4288905 0.4406358 -0.0072560254 0.22594869
3456.5376 0.44827202 0.41059053 0.009693725 0.22585516
3460.1138 0.022103045 -0.0927167 0.33883494 0.22807306
3463.69 0.42383286 0.5495016 0.13979699 0.22806942
3467.2659 0.4296977 0.6138946 0.27029726 0.22655395
3470.842 0.12535915 0.11706785 0.4992537 0.22891441
3474.418 0.42433304 0.3808287 0.12434023 0.2314434
3477.9941 0.22267197 0.19405463 0.20656063 0.2248706
3481.5703 0.10634619 0.06414158 0.51875633 0.22776477
3485.1462 0.35032165 0.4022777 0.4796891 0.23347984
3488.7224 0.3277745 0.3885221 0.2925136 0.22694118
3492.2986 0.11049015 0.030253429 0.3537503 0.22301517
3495.8745 0.3457515 0.2794563 0.51544553 0.23750232
3499.4507 0.27566376 0.32275754 0.5336519 0.23379442
3503.0269 0.50455016 0.5267491 0.47896507 0.24027713
3506.6028 0.47710225 0.3452531 0.5452334 0.24312656
3510.179 0.37632293 0.34627682 0.41570362 0.2331559
3513.7551 0.5387618 0.6909428 0.1654039 0.22855307
3517.331 0.32734042 0.21433245 0.39302385 0.23333846
3520.9072 0.26273832 0.23409615 0.4259432 0.23026885
3524.4834 0.50550866 0.5575424 0.32281676 0.23365325
3528.0593 0.3922138 0.38238493 0.49546108 0.2362404
3531.6355 0.1012424 0.089911476 0.6959509 0.23249303
3535.2114 0.17439468 0.23124586 0.49732745 0.22762643
3538.7876 0.32302892 0.40937465 0.17639415 0.22284555
3542.3638 0.34793937 0.5180577 0.21456395 0.22394796
3545.9397 0.810615 0.77706665 0.30723503 0.2450906
3549.5159 0.32102448 0.34652492 0.4996652 0.23394771
3553.092 -0.02614801 0.004279183 0.55969167 0.22400875
3556.668 0.36880055 0.30243865 0.5096669 0.23754218
3560.2441 0.3357252 0.38283098 0.54008055 0.2355267
3563.8203 0.17704265 0.19197863 0.45942393 0.22548947
3567.3962 0.4720525 0.5527694 0.46657276 0.23673081
3570.9724 0.039128315 -0.0046125324 0.5923927 0.2278082
3574.5486 0.12691337 0.070752986 0.4874072 0.2318846
3578.1245 0.53410006 0.57356966 0.31699598 0.23642464
3581.7007 0.414897 0.43858582 0.31752142 0.23119044
3585.2766 0.22663529 0.18598917 0.2998328 0.23014246
3588.8528 0.3848105 0.36595222 0.18358345 0.2253119
3592.429 0.38785863 0.3946188 0.32438007 0.22977613
3596.005 0.40082753 0.3858657 0.6481759 0.24044478
3599.581 0.38015187 0.42670017 0.6728939 0.23793466
3603.1572 0.20827366 0.12925585 0.58797973 0.23693502
3606.7332 0.15842319 0.21271878 0.57047117 0.23236638
3610.3093 0.48191968 0.6456151 0.438285 0.23478001
3613.8855 0.74954337 0.71102893 0.42558137 0.24891728
3617.4614 0.69819576 0.76092887 0.61896116 0.24699934
3621.0376 0.95700777 0.905437 0.2850473 0.24705935
3624.6138 0.9318437 0.9146565 0.33324805 0.2470787
3628.1897 0.40913486 0.33682707 0.3911141 0.23519218
3631.7659 0.8606106 0.8782484 0.13545647 0.2390127
3635.342 0.67984515 0.716741 0.31894186 0.23755655
3638.918 0.7303076 0.87729424 0.4595179 0.24249133
3642.4941 0.7938144 1.0212997 0.3358833 0.23891748
3646.07 0.13616528 0.31627342 0.48186946 0.2221203
3649.6462 0.43777248 0.6635956 0.5883389 0.23470147
3653.2224 0.50373805 0.5102057 0.5709367 0.24074133
3656.7983 0.58410007 0.73221195 0.58938956 0.24083604
3660.3745 0.5238035 0.5962775 0.41812244 0.23538457
3663.9507 1.0878768 1.03165 0.37572786 0.25472486
3667.5266 0.776104 0.8280646 0.56747955 0.24829718
3671.1028 0.6248788 0.5893755 0.6735073 0.24807066
3674.679 0.8044443 0.7719877 0.47434285 0.24703607
3678.255 0.45698342 0.4974307 0.44123074 0.23383996
3681.831 0.57444143 0.54113626 0.39116743 0.23777778
3685.4072 0.98879814 0.944382 0.21070057 0.24493743
3688.9832 0.54608583 0.50990623 0.50099814 0.24009025
3692.5593 0.48102176 0.45062512 0.7057487 0.24484234
3696.1353 0.48890573 0.43078837 0.6546577 0.24297014
3699.7114 1.2758732 1.2606719 0.34517533 0.25724345
3703.2876 0.7464444 0.8079819 0.37283117 0.24013816
3706.8635 0.709425 0.8277233 0.19356678 0.23356606
3710.4397 1.2991071 1.3403264 0.32285902 0.25715125
3714.0159 1.1353036 1.1025487 0.5495984 0.2583414
3717.5918 0.93876886 0.93041945 0.48993802 0.25117695
3721.168 1.0020833 0.99407434 0.4028817 0.25197712
3724.7441 0.9409927 0.8692657 0.52246994 0.2527737
3728.32 1.1704377 1.0985836 0.58945245 0.2615879
3731.8962 0.8057706 0.8471577 0.58545417 0.24973369
3735.4724 0.541819 0.5134291 0.6404924 0.24362755
3739.0483 1.2464939 1.1138645 0.5965057 0.26495016
3742.6245 0.8817352 0.9603866 0.5765806 0.25054082
3746.2007 0.66243345 0.7674207 0.63210267 0.24689916
3749.7766 0.4924689 0.56289005 0.5684082 0.23883794
3753.3528 0.7771847 0.69781345 0.56213516 0.24943641
3756.9287 1.3704574 1.2992508 0.58242893 0.26631486
3760.505 1.179082 1.138813 0.7183653 0.2649797
3764.081 1.0831405 1.1076227 0.5456742 0.25486204
3767.657 1.0509032 1.1093653 0.53590125 0.2550304
3771.2332 1.3719945 1.2540082 0.5499995 0.26622328
3774.8093 1.0326287 1.0483365 0.25407112 0.24617979
3778.3853 1.2212533 1.1134886 0.38566235 0.25775993
3781.9614 0.92636824 0.9277887 0.7314928 0.25715524
3785.5376 0.8843569 0.80993026 0.66407096 0.25478926
3789.1135 0.9421622 0.9255317 0.49422953 0.24953167
3792.6897 0.30850846 0.31763923 0.63101184 0.23424156
3796.2659 1.2442857 1.1971674 0.65048206 0.2640357
3799.8418 1.2336684 1.1687964 0.64326715 0.2635547
3803.418 1.1994495 1.2131103 0.6670242 0.26233518
3806.994 1.0735339 1.0215892 0.63755405 0.25802937
3810.57 1.159873 1.079194 0.61616975 0.260399
3814.1462 1.3449043 1.3515091 0.65229183 0.26593333
3817.7222 1.2403804 1.2460438 0.7682918 0.26466164
3821.2983 1.4984686 1.3925002 0.7592542 0.2738166
3824.8745 1.4005107 1.3426054 0.5022524 0.2650052
3828.4504 1.4193395 1.4373494 0.48127353 0.26323855
3832.0266 1.5702773 1.6116678 0.5006741 0.26699844
3835.6028 1.2262813 1.2364842 0.47617885 0.2570526
3839.1787 1.2039784 1.1823859 0.5693389 0.26062837
3842.755 0.74786425 0.7653873 0.68049365 0.24863087
3846.331 0.830246 0.8530721 0.6694327 0.25044557
3849.907 1.5297244 1.61541 0.48795295 0.26679295
3853.4832 1.2722639 1.2485037 0.8128015 0.2669526
3857.0593 1.4886259 1.3876032 0.6867652 0.2720608
3860.6353 1.5643648 1.5205133 0.28507733 0.264913
3864.2114 1.1885492 1.2270776 0.53474474 0.25672475
3867.7874 0.68906343 0.7403985 0.79245937 0.24891743
3871.3635 0.8740855 0.9483685 0.7086941 0.25351402
3874.9397 1.5738077 1.534389 0.63347 0.2714304
3878.5156 1.9437063 1.8132758 0.56720066 0.28170788
3882.0918 1.73717 1.7657561 0.5255833 0.27208745
3885.668 1.6087561 1.5668749 0.50403 0.26970243
3889.244 1.3900325 1.3099761 0.6568154 0.2680183
3892.82 0.8914381 0.899025 1.072801 0.26337507
3896.3962 1.1470895 1.1037704 0.7565056 0.26445252
3899.9722 1.2723657 1.285757 0.5808138 0.2630117
3903.5483 1.6656089 1.6198512 0.9209198 0.28116298
3907.1245 2.200477 2.2212975 0.56003636 0.28420237
3910.7004 1.6609224 1.6535215 0.77123797 0.27906927
3914.2766 1.5086563 1.4055417 0.6799432 0.27292672
3917.8528 1.992988 1.9630191 0.40326336 0.27881047
3921.4287 1.7095584 1.713596 0.46128735 0.27155507
3925.005 1.7795229 1.6811635 0.6841777 0.27824488
3928.5808 1.4593651 1.2975527 0.6711175 0.27149126
3932.157 2.2752619 2.268004 0.49896035 0.28598285
3935.7332 2.2634847 2.1925724 0.5954996 0.28963226
3939.309 1.4466336 1.4778638 0.50895566 0.26283154
3942.8853 2.2703092 2.2202349 0.5374273 0.2871913
3946.4614 1.8709601 1.8773264 0.8745146 0.283677
3950.0374 2.023877 2.0162988 0.61946785 0.28490457
3953.6135 1.9502721 1.981975 0.6232943 0.28038844
3957.1897 2.2051203 2.0882058 0.5235349 0.28548104
3960.7656 2.018792 1.9240941 0.6792166 0.28644973
3964.3418 1.9929547 1.8447698 0.5678993 0.28220057
3967.918 2.2140074 2.1144142 0.75296485 0.2930111
3971.494 2.834514 2.7046206 0.5398448 0.30138466
3975.07 2.0146508 2.118913 0.5962146 0.28172258
3978.646 1.8944845 2.0330205 0.7886673 0.28617564
3982.2222 2.4587905 2.4716501 0.5472203 0.29183766
3985.7983 2.7341244 2.7018867 0.5383408 0.2988477
3989.3743 2.9715204 2.908072 0.8085661 0.3111534
3992.9504 2.6882546 2.595236 0.7243723 0.3034918
3996.5266 2.6174996 2.4641423 0.88052636 0.30505505
4000.1025 2.2793555 2.3502798 0.8020467 0.29187885
4003.6787 2.505647 2.5653481 0.7004138 0.2969585
4007.255 2.4376435 2.3602476 0.9159371 0.29939944
4010.8308 2.0608993 2.0241742 0.75194997 0.28632954
4014.407 2.530055 2.4206383 0.73046446 0.29929376
4017.9832 2.0990973 1.9884983 1.2554365 0.29834786
4021.559 2.6666079 2.4683259 0.7343052 0.30347484
4025.1353 2.6804376 2.663039 0.7336421 0.30252305
4028.7114 2.6652544 2.8236501 0.9049979 0.30333716
4032.2874 2.7475977 2.735667 0.8110824 0.30413714
4035.8635 2.3749552 2.299313 0.7383618 0.29420197
4039.4395 2.803364 2.7293005 0.85482985 0.3072427
4043.0156 2.20473 2.0989587 1.0398895 0.2968708
4046.5918 2.6217241 2.5177007 0.8815218 0.30392784
4050.1677 2.6865788 2.6382265 1.0253617 0.30664337
4053.744 2.9840715 2.946337 0.712925 0.30772606
4057.32 3.2335002 3.1014192 0.782584 0.31701452
4060.896 3.6146367 3.531205 0.86837786 0.32512492
4064.4722 2.7134008 2.6385605 1.3963058 0.31773943
4068.0483 3.802545 3.728504 0.73303324 0.32865703
4071.6243 3.5225515 3.3696175 0.83336896 0.32478976
4075.2004 2.5146885 2.4386888 1.0755605 0.30579066
4078.7766 3.1522415 3.0314765 0.7440544 0.3128824
4082.3525 4.40797 4.1666946 0.93803316 0.34640494
4085.9287 4.0290866 3.7960756 1.0029564 0.3398852
4089.5046 4.0460544 3.9288316 0.9291653 0.337941
4093.0808 3.4647005 3.375791 0.9183258 0.32406154
4096.6567 3.863652 3.6526904 1.3334457 0.3425301
4100.233 4.6878023 4.701877 0.9051032 0.35090968
4103.809 4.871942 4.6787376 0.7791185 0.35204384
4107.3853 4.0908623 3.97471 0.8771074 0.3365345
4110.9614 3.7939754 3.7952836 0.8381993 0.3299836
4114.5376 4.1420426 4.220945 0.9223205 0.33568794
4118.1133 5.0111556 4.9150286 0.76045805 0.35536352
4121.6895 3.8261967 3.8421643 0.8008637 0.32835057
4125.2656 3.5540025 3.4364727 0.9715586 0.32708073
4128.842 4.0143127 3.9207053 0.8874381 0.33570847
4132.418 5.721838 5.5128946 0.7733155 0.3688924
4135.9937 7.1036935 6.882089 0.66970503 0.39295298
4139.57 7.372706 7.2057557 0.8954745 0.40017727
4143.146 6.800155 6.636318 0.727499 0.38745877
4146.722 6.959882 6.6960363 0.8910935 0.39430997
4150.2983 5.2653174 5.060127 1.3334061 0.36969617
4153.8745 6.1623816 5.979261 0.8040642 0.37715742
4157.45 6.953997 6.699594 1.1351783 0.39876565
4161.0264 6.9835587 6.653363 1.199267 0.4026731
4164.6025 8.121799 7.8176293 1.1499462 0.4202764
4168.1787 8.414912 8.090552 0.94933724 0.42029157
4171.755 8.464749 8.221096 1.0518137 0.42422688
4175.3306 8.091172 7.71704 1.0843252 0.4186337
4178.9067 7.7182927 7.5354414 1.150489 0.4116224
4182.483 7.104692 6.769222 0.7977647 0.3956623
4186.059 5.934649 5.7567534 0.92736685 0.37540773
4189.6353 4.204742 4.086122 0.8748161 0.33989984
4193.2114 3.851425 3.75357 1.0276657 0.33639726
4196.787 4.2067337 4.0035315 0.87678546 0.3400848
4200.3633 3.5100057 3.451565 0.9387097 0.32419312
4203.9395 4.8992553 4.774346 0.8766375 0.35301098
4207.5156 5.861173 5.7160406 0.96228933 0.3753703
4211.092 6.2102942 5.986033 1.0389503 0.38517606
4214.668 6.9945173 6.7587485 0.7562256 0.39249393
4218.2437 6.2486663 6.033817 1.0529689 0.38342115
4221.82 7.301949 7.08191 0.87469596 0.40002936
4225.396 6.7374835 6.4960465 1.3442273 0.39863363
4228.972 6.6833525 6.4274783 1.1578647 0.39488894
4232.5483 7.109897 6.825658 0.9691431 0.3995359
4236.124 7.1817417 6.9257326 1.0553688 0.40194356
4239.7 6.7246094 6.415849 1.0354005 0.3933947
4243.2764 7.6235023 7.3371716 0.6337761 0.401927
4246.8525 6.974766 6.711913 1.0148915 0.39787182
4250.4287 7.230733 6.9614434 0.95410335 0.40049067
4254.005 7.0617366 6.9476614 0.82495683 0.39302313
4257.5806 6.723635 6.5157065 0.8220331 0.3878914
4261.1567 6.981474 6.721203 1.0680748 0.3966292
4264.733 5.74043 5.4796996 1.0027664 0.3739757
4268.309 5.1822324 4.9879365 1.0143185 0.36284637
4271.8853 5.224384 5.0823092 0.8905945 0.35960272
4275.4614 5.1746035 4.8621125 1.0390232 0.36427084
4279.037 5.024259 4.9080224 0.9065987 0.35541573
4282.6133 5.5727525 5.317254 1.2205253 0.3745195
4286.1895 5.6409307 5.4904695 0.9538882 0.37101758
4289.7656 5.886064 5.681502 0.99870545 0.3763398
4293.342 4.927243 4.789342 1.3317639 0.3625127
4296.9175 4.7432675 4.57407 1.1603122 0.35543194
4300.4937 5.0747848 4.9004593 1.0434383 0.3602262
4304.07 5.2928405 5.1500387 1.0292748 0.36380774
4307.646 4.935888 4.874449 1.1418914 0.35938206
4311.222 4.942174 4.6724586 1.2312478 0.36167845
4314.7983 5.3570547 5.2764764 0.8822569 0.36127484
4318.374 5.048577 4.937309 1.1558342 0.36186558
4321.95 5.434233 5.2755513 0.79556334 0.36325026
4325.5264 4.84505 4.6488314 0.84431726 0.35190552
4329.1025 5.2071214 4.9416127 0.98541373 0.36185494
4332.6787 5.0327916 4.8796144 1.1932136 0.36137384
4336.255 5.165967 4.9336257 1.1825991 0.36486772
4339.8306 5.008911 4.867893 1.1806173 0.35967445
4343.4067 4.5213947 4.384671 1.2095503 0.35094625
4346.983 4.9915376 4.938293 1.2675303 0.3598272
4350.559 4.8928857 4.7025695 1.0231795 0.35511452
4354.1353 4.720947 4.5226736 1.0567302 0.35331517
4357.711 4.4384 4.341344 1.1355904 0.3466621
4361.287 5.0112214 4.9650774 1.0782088 0.35733336
4364.8633 5.2953734 5.4231815 1.1303433 0.3627593
4368.4395 4.48457 4.3377256 1.2033617 0.34885573
4372.0156 4.195722 4.1905584 1.3274796 0.34425896
4375.592 4.1682153 4.2122574 1.3649379 0.34437042
4379.1675 4.6353593 4.4593987 1.1125356 0.35208377
4382.7437 4.245433 4.175473 1.105878 0.34286693
4386.32 4.2119107 4.017241 1.0623084 0.34200227
4389.896 3.5853596 3.6416435 1.1271596 0.32635963
4393.472 4.4949694 4.358746 0.9096399 0.34376466
4397.0483 4.213841 4.1204762 1.1254352 0.34165227
4400.624 4.575699 4.4552655 1.1487128 0.34908348
4404.2 4.144681 4.0114713 1.293384 0.34426203
4407.7764 4.533629 4.3231826 1.0986146 0.35011905
4411.3525 4.7461696 4.673576 1.1419871 0.35279435
4414.9287 4.7109556 4.5795317 1.2175537 0.35338035
4418.5044 4.8342614 4.734908 0.93522674 0.35111928
4422.0806 4.5356307 4.3933587 1.5534384 0.3566525
4425.6567 4.8017488 4.658743 1.4322877 0.36000866
4429.233 4.3230867 4.260427 1.5198188 0.3513383
4432.809 4.8069954 4.616576 1.1652122 0.35602778
4436.3853 4.7131 4.511797 1.280452 0.3565078
4439.961 4.899095 4.7602196 1.4322762 0.36184198
4443.537 4.815191 4.6475067 1.4685005 0.36166078
4447.1133 4.798645 4.6772127 1.2727646 0.35796005
4450.6895 4.691582 4.597531 1.4727024 0.358364
4454.2656 4.891492 4.707349 1.2507923 0.3595147
4457.8413 4.579833 4.6083364 1.5895989 0.35640383
4461.4175 4.5990534 4.5081596 1.373166 0.35542342
4464.9937 5.092813 4.9854474 1.2910074 0.36300457
4468.57 5.5483446 5.388654 1.3332351 0.3724397
4472.146 5.890203 5.773665 1.1469431 0.37649992
4475.722 5.426295 5.207105 1.1311783 0.3679455
4479.298 5.271621 5.2011924 1.3222878 0.3658785
4482.874 5.2023983 5.1171937 1.0049148 0.3589738
4486.45 5.3232026 5.155211 1.2043787 0.36559403
4490.0264 4.4164476 4.2714763 1.4542028 0.35150835
4493.6025 5.1337075 5.0674753 1.2110293 0.36342546
4497.1787 5.7667427 5.680367 1.002851 0.3710748
4500.7544 5.581766 5.4746394 1.3755041 0.3728434
4504.3306 5.594048 5.449265 1.2406989 0.37276584
4507.9067 5.1444826 5.0177507 1.0605565 0.3604743
4511.483 4.9471908 4.809929 1.3544756 0.3618113
4515.059 4.961954 4.863206 1.1335914 0.35651934
4518.635 4.9011426 4.845871 1.3828075 0.3602627
4522.211 5.076877 4.9139733 1.1938125 0.36092937
4525.787 5.3434114 5.2618914 1.2525827 0.36657798
4529.3633 5.3585224 5.218192 1.292031 0.36816868
4532.9395 4.876165 4.7153735 1.398726 0.36234477
4536.5156 4.706022 4.4832177 1.1519624 0.35393152
4540.0913 5.1717463 5.0457273 1.5239426 0.36786044
4543.6675 4.413772 4.291599 1.4474691 0.3516579
4547.2437 5.151418 4.9907455 1.4513994 0.3669409
4550.82 5.7683697 5.709444 1.2607144 0.37459445
4554.396 4.8968763 4.74926 1.2364714 0.3596659
4557.972 5.3681364 5.164903 1.2684476 0.3684968
4561.548 5.1154747 4.893725 1.5728587 0.36946064
4565.124 5.271557 5.1755395 1.5266877 0.36978775
4568.7 5.172532 4.9764185 1.2363164 0.3636708
4572.2764 5.1486936 5.0493956 1.1368665 0.36173928
4575.8525 5.5507674 5.432569 0.8389066 0.36452684
4579.428 4.7991853 4.725568 1.4347651 0.35995513
4583.0044 5.651386 5.410909 1.3331625 0.37552273
4586.5806 5.5035887 5.454949 1.4312924 0.37152055
4590.1567 5.8105617 5.7817955 1.2319525 0.374448
4593.733 5.8047533 5.6410255 1.0633956 0.3739269
4597.309 5.08842 4.999705 1.5791948 0.36775687
4600.885 5.5639462 5.5165663 0.9912879 0.36574945
4604.461 5.3034263 5.1122217 1.1286664 0.36414045
4608.037 5.128435 4.9950037 1.5339873 0.36637205
4611.6133 5.0786495 4.870552 1.4082085 0.3647462
4615.1895 4.542611 4.501704 1.365036 0.3519923
4618.7656 5.4339085 5.2556176 1.2657607 0.36967206
4622.3413 5.5289297 5.3430557 1.143413 0.36855903
4625.9175 4.957416 4.876761 1.3562173 0.3605941
4629.4937 5.22656 5.058382 1.469524 0.36966494
4633.07 5.7104445 5.535602 1.1476692 0.37305254
4636.646 5.2714157 5.193226 1.2572073 0.36656377
4640.2217 5.4256215 5.3109627 1.2982056 0.3696556
4643.798 5.600351 5.525487 1.1289477 0.3684099
4647.374 5.270429 5.216737 1.3733329 0.3674708
4650.95 5.931358 5.7775736 0.9018326 0.37230292
4654.5264 5.164937 5.002876 1.3139068 0.36461183
4658.1025 5.6051936 5.5706997 1.2575326 0.37120882
4661.678 5.3492694 5.2296457 1.2667928 0.36703226
4665.2544 5.892737 5.698925 1.2226632 0.37664747
4668.8306 5.5812855 5.311961 1.4976889 0.37756872
4672.4067 5.3797283 5.1368337 1.4735143 0.37323618
4675.983 5.228237 5.156223 1.4718376 0.36849695
4679.559 5.0587997 4.8730083 1.2634988 0.36136493
4683.135 4.8468113 4.686162 1.4966725 0.3613962
4686.711 6.2433147 6.113418 1.4057769 0.38644534
4690.287 6.2276077 6.0199394 1.2192973 0.38335267
4693.8633 5.723066 5.601036 1.3205787 0.3761725
4697.4395 6.088301 5.961577 1.4234104 0.3833501
4701.015 5.87169 5.736159 1.24717 0.37615415
4704.5913 5.9056625 5.864473 1.1512111 0.37474963
4708.1675 6.1434364 5.9826164 1.5189372 0.38607532
4711.7437 5.753664 5.395207 1.6035514 0.3837261
4715.32 6.4200044 6.337533 1.293173 0.38835064
4718.896 6.52482 6.35165 1.1298289 0.38734648
4722.4717 5.99831 5.937649 1.2962426 0.37900436
4726.048 5.9632063 5.9007306 1.3131493 0.37876588
4729.624 6.321283 6.1458063 1.4147192 0.38931897
4733.2 6.8121667 6.7013936 1.1681967 0.39283335
4736.7764 6.5455565 6.280025 1.091156 0.38772243
4740.352 6.059857 5.799332 1.5231996 0.3862135
4743.928 6.6973114 6.558173 1.1793103 0.39033023
4747.5044 6.4708395 6.352633 1.1867925 0.38662067
4751.0806 6.235508 6.041481 1.5487837 0.38976127
4754.6567 6.421348 6.1957545 1.6672056 0.39459774
4758.233 6.0778656 5.77236 1.5733806 0.3886793
4761.8086 6.9884357 6.7448463 1.3330953 0.40039557
4765.385 7.1759615 6.9975047 1.221658 0.40042436
4768.961 6.5972776 6.4110303 1.1623207 0.38867766
4772.537 6.5591598 6.344219 1.0243081 0.38624012
4776.1133 7.4129677 7.11124 1.2095455 0.40589097
4779.6895 6.4902043 6.3906965 1.5424956 0.3957228
4783.265 6.8430142 6.6343937 1.6612791 0.4021171
4786.8413 6.625731 6.433419 1.3738554 0.3932217
4790.4175 6.3082533 6.102988 1.6162754 0.39196646
4793.9937 6.9221454 6.8910227 1.449475 0.39906964
4797.57 6.3633213 6.154686 1.4552754 0.39096642
4801.1455 7.4025197 7.2143254 1.2612212 0.40539563
4804.7217 7.142012 6.959515 1.2577592 0.3997662
4808.298 5.394093 5.267287 1.608686 0.37532184
4811.874 6.7405095 6.5406203 1.4338909 0.39640078
4815.45 6.839642 6.621289 1.0887108 0.3934571
4819.0264 6.811456 6.5695148 1.4445906 0.39742532
4822.602 5.4750023 5.27431 1.4073864 0.37473089
4826.178 6.125556 6.0189643 1.2691636 0.3807061
4829.7544 5.8267393 5.5180645 1.3014584 0.3786149
4833.3306 5.8366857 5.6338425 1.3904402 0.3789216
4836.9067 5.9526997 5.820442 1.3947561 0.38036063
4840.483 6.165892 5.983798 1.3493584 0.3840651
4844.0586 6.3477507 6.119498 1.1760494 0.38550517
4847.635 5.9192057 5.673572 1.1672503 0.3771694
4851.211 6.292656 6.1044264 1.3491393 0.38651705
4854.787 5.7227645 5.524479 1.2508936 0.37497807
4858.3633 5.6143146 5.3824706 1.3148239 0.3738586
4861.939 5.9750905 5.840031 1.2502801 0.37778848
4865.515 5.121179 5.086376 1.243543 0.36121646
4869.0913 5.852057 5.640402 1.3496869 0.37873375
4872.6675 5.50941 5.3271713 1.3469613 0.3723566
4876.2437 5.7951293 5.6753073 1.0909208 0.37160495
4879.82 6.057108 5.9584494 0.96472967 0.37363526
4883.3955 5.8017964 5.7049623 1.356809 0.37819734
4886.9717 5.158776 4.991258 1.6159141 0.36995792
4890.548 5.331739 5.0791626 1.6130695 0.37280962
4894.124 6.099884 5.939507 1.0979252 0.3774219
4897.7 6.14455 5.92555 1.0851042 0.38030386
4901.2764 5.474055 5.304293 1.3627053 0.3725115
4904.852 5.574241 5.398856 1.3402969 0.3741608
4908.428 6.248791 5.9591737 1.5414627 0.39163807
4912.0044 6.0121503 5.934684 1.3687359 0.38089696
4915.5806 6.0715594 5.932069 1.2521765 0.3797388
4919.1567 6.4329634 6.28817 0.9097148 0.3810224
4922.7324 6.22176 5.966063 1.0990529 0.38270494
4926.3086 6.206321 5.96121 1.1490576 0.38300753
4929.885 5.8202257 5.7339673 1.2303965 0.37448534
4933.461 5.3477116 5.246719 1.3426099 0.36756486
4937.037 5.6220527 5.5715737 1.3729334 0.3727044
4940.6133 6.0737586 5.912198 1.3510919 0.3817518
4944.189 6.043546 5.9704466 1.1862563 0.3785604
4947.765 6.2734356 6.152581 0.7869393 0.37619185
4951.3413 5.76907 5.7230597 1.2592664 0.3743064
4954.9175 6.067472 5.9808345 1.2393676 0.38008267
4958.4937 6.3738403 6.2165933 1.066499 0.38373405
4962.0693 5.339771 5.360956 1.1250399 0.36246648
4965.6455 5.0720162 4.9461603 1.3151901 0.3619191
4969.2217 5.7264204 5.591866 1.4537189 0.37665546
4972.798 6.4053655 6.2550406 1.287045 0.38640553
4976.374 5.773415 5.544904 1.1342013 0.37298444
4979.95 6.505556 6.2869844 1.0995188 0.38625887
4983.526 5.815075 5.6398997 1.1394118 0.37334055
4987.102 6.1355305 5.944357 1.2613126 0.3823314
4990.678 5.5692606 5.414585 1.4645736 0.37377575
4994.2544 5.537471 5.32128 1.675017 0.37877965
4997.8306 6.456301 6.279163 1.2025008 0.38659263
5001.4067 6.300609 6.192193 1.3369632 0.38618478
5004.9824 6.5203986 6.3402534 1.2183608 0.38904762
5008.5586 5.8645897 5.8029804 1.0939646 0.37302974
5012.135 5.5809402 5.4492707 0.9390651 0.36498478
5015.711 5.9141803 5.7201858 1.2349321 0.37799114
5019.287 6.1274886 5.9485908 1.462587 0.383993
5022.863 6.580584 6.554532 1.088295 0.38632995
5026.439 5.3549104 5.3397303 1.1824076 0.36380437
5030.015 6.2838726 6.047179 1.3773179 0.38868102
5033.5913 6.2528167 6.187376 0.9126414 0.37720203
5037.1675 6.1330986 5.9417953 1.1081829 0.38024518
5040.7437 5.630076 5.4552283 1.034432 0.3682005
5044.3193 5.896048 5.788388 1.3094236 0.3780186
5047.8955 5.921544 5.7740107 1.0351368 0.3736299
5051.4717 5.8868413 5.673103 1.4842689 0.38054743
5055.048 6.1402664 5.9622912 1.269106 0.38261172
5058.624 6.0288005 5.8764925 1.1672387 0.37979478
5062.2 6.292861 6.102082 1.0326234 0.38064632
5065.776 6.4984856 6.315114 1.2128619 0.38793263
5069.352 6.2750783 6.0603013 1.2383672 0.38596243
5072.928 5.8229117 5.6807117 1.1092172 0.37270522
5076.5044 6.4763646 6.325875 1.0575616 0.38375035
5080.0806 5.5672708 5.4611707 1.3399092 0.37191772
5083.6562 6.1768527 6.0778723 1.2511971 0.3818998
5087.2324 6.4704685 6.365528 1.2811679 0.3881706
5090.8086 6.2885976 6.1570916 0.9285156 0.3791785
5094.385 6.087802 6.0662017 1.0876979 0.3768142
5097.961 6.441542 6.314186 1.1442366 0.38477343
5101.537 6.6271 6.526221 1.1635191 0.38853225
5105.113 5.709978 5.7001657 1.4648441 0.3750169
5108.689 6.0878587 5.9559126 1.2820874 0.37986133
5112.265 6.099171 5.91328 1.0249711 0.3776969
5115.8413 5.9442444 5.7625585 1.3295424 0.38058013
5119.4175 6.4189234 6.227754 1.1575531 0.38583535
5122.9937 6.1861043 5.9380383 1.3846852 0.386517
5126.5693 6.1494207 5.9417086 1.4632597 0.38606903
5130.1455 6.657018 6.430079 1.2629323 0.39162603
5133.7217 6.2016296 6.0840516 1.0510875 0.37963474
5137.298 6.616874 6.542321 1.2240344 0.38924745
5140.874 6.802836 6.5642834 1.4345751 0.39765605
5144.4497 6.1473193 6.068465 0.92970765 0.37453204
5148.026 5.7260246 5.48167 1.3992078 0.3770416
5151.602 5.7783055 5.6666336 1.4872065 0.37848836
5155.178 6.8339005 6.690018 1.284473 0.39444336
5158.7544 6.2298737 6.0770273 0.99240035 0.3794523
5162.3306 6.639937 6.4790974 1.1343805 0.38922158
5165.9062 6.5665526 6.3748384 1.316957 0.39085487
5169.4824 6.820945 6.6408854 0.9429127 0.39087343
5173.0586 6.796982 6.6060615 0.9675904 0.39088815
5176.635 7.392924 7.0787325 0.8486053 0.40019652
5180.211 7.2969313 6.999432 1.2811561 0.40650254
5183.787 7.2850976 7.1244564 1.134622 0.40074506
5187.363 6.977458 6.8480554 0.9656279 0.39263597
5190.939 6.857464 6.672816 1.1624427 0.39338773
5194.515 7.187159 6.892817 1.818742 0.41144615
5198.0913 7.3647904 7.1002746 1.4398266 0.40909848
5201.6675 7.9619164 7.759537 0.99684256 0.4112705
5205.243 7.591406 7.5170636 1.222277 0.40649334
5208.8193 7.94486 7.659026 1.4788163 0.41926867
5212.3955 7.8014107 7.6573844 1.1055278 0.40859702
5215.9717 8.342207 8.05824 1.5185335 0.4257248
5219.548 8.038047 7.914303 1.2742143 0.41549692
5223.124 8.436224 8.148598 1.0003372 0.4207367
5226.6997 6.7758055 6.4897 1.5756993 0.40099895
5230.276 8.7991905 8.466427 1.4072146 0.43267757
5233.852 8.538463 8.319516 1.1766043 0.42306563
5237.428 9.013854 8.761717 1.1218671 0.43062255
5241.0044 8.623109 8.325506 1.4145666 0.42930555
5244.58 8.530813 8.2975025 1.2463914 0.4247845
5248.1562 8.806195 8.758275 1.3651077 0.4301713
5251.7324 9.803113 9.414734 1.3879794 0.4486679
5255.3086 9.254884 9.05786 1.3023623 0.4368811
5258.885 9.793548 9.674173 1.0696301 0.4417278
5262.461 9.736643 9.417115 1.1397723 0.44525376
5266.0366 9.851538 9.581035 1.0240843 0.44439209
5269.613 10.014485 9.703603 1.295589 0.44950733
5273.189 9.794764 9.541237 1.4021524 0.4493306
5276.765 9.998799 9.761162 1.27027 0.4493285
5280.3413 10.7266865 10.348039 1.0053085 0.4568227
5283.9175 10.456157 10.292494 0.98685265 0.45076013
5287.493 9.865861 9.616676 1.1953416 0.44509208
5291.0693 9.283756 9.053682 1.1350753 0.43585244
5294.6455 9.6284895 9.288675 1.4569942 0.44695672
5298.2217 9.061177 8.810489 1.4008495 0.43492627
5301.798 7.976228 7.7330575 1.6628863 0.42180797
5305.3735 7.8794217 7.7466497 1.4490107 0.4152233
5308.9497 8.57117 8.23228 1.7174466 0.4349142
5312.526 8.230349 8.029436 1.1746743 0.41823527
5316.102 8.112363 8.131741 1.125693 0.4147028
5319.678 8.083247 7.893835 1.3424315 0.41862655
5323.2544 8.227861 8.075025 1.1759496 0.4179501
5326.83 8.44073 8.184969 1.3216237 0.42467418
5330.4062 7.016608 6.799924 1.6910115 0.4057536
5333.9824 7.3942943 7.2237835 1.3238229 0.40641862
5337.5586 8.022042 7.853782 1.1202937 0.41315046
5341.135 7.77693 7.5942664 1.3541639 0.41287032
5344.711 7.2455206 7.036126 1.1823227 0.40118673
5348.2866 7.209526 7.073769 1.0940156 0.39879745
5351.863 6.91734 6.741898 1.2583265 0.39566612
5355.439 6.120676 5.84319 1.3366228 0.38402137
5359.015 7.1975226 6.9698663 1.0414746 0.39757878
5362.5913 7.405949 7.226068 0.96831733 0.39984968
5366.167 6.426903 6.2293453 1.1947091 0.38616863
5369.743 7.4837933 7.2127976 1.1517994 0.4052508
5373.3193 6.688686 6.636438 1.4545238 0.3933472
5376.8955 6.3411264 6.1018205 1.4192686 0.3892812
5380.4717 6.777952 6.532031 1.4456887 0.39706135
5384.048 6.9963727 6.798079 1.1249331 0.39590573
5387.6235 6.829447 6.7555585 1.0194815 0.39100736
5391.1997 7.3152747 7.2299113 1.0900456 0.40081224
5394.776 6.292985 6.1792507 1.0605422 0.38167593
5398.352 6.204399 6.020049 1.1306227 0.3806666
5401.928 6.9352083 6.6850467 0.87741715 0.39070135
5405.5044 6.6672516 6.5696588 1.1074673 0.38842672
5409.08 6.283941 6.047885 1.2776482 0.38512233
5412.6562 6.315629 6.2265735 1.0282142 0.37952206
5416.2324 6.591942 6.383954 1.2289951 0.3894977
5419.8086 5.702043 5.510802 1.5414149 0.37963012
5423.385 6.5312285 6.3343334 1.2772518 0.39004084
5426.9604 6.953227 6.7441673 1.0495235 0.3936308
5430.5366 6.9749923 6.7209296 1.2360492 0.3978326
5434.113 6.967526 6.700929 0.9632515 0.39314815
5437.689 6.6783695 6.4712057 1.4913136 0.3973654
5441.265 5.938065 6.004882 1.3089868 0.37576094
5444.8413 6.6231456 6.5407248 1.2127653 0.3880258
5448.417 6.802285 6.6807103 0.8468865 0.38674572
5451.993 6.8757777 6.7502174 1.0539168 0.39185402
5455.5693 6.496409 6.3216143 1.4038541 0.3899134
5459.1455 6.6568117 6.554255 1.5112295 0.3950258
5462.7217 6.3494635 6.173018 1.5240793 0.3910718
5466.298 7.003073 6.895551 1.2335024 0.3963494
5469.8735 6.4284177 6.2862735 1.5018188 0.39051154
5473.4497 6.3760986 6.2623057 1.1635404 0.38418972
5477.026 6.9557257 6.7461996 1.2572153 0.39751083
5480.602 6.9176497 6.765476 1.3210924 0.3964
5484.178 6.4978085 6.4745655 1.218998 0.38719156
5487.754 6.5785627 6.3978615 1.2151754 0.38921842
5491.33 6.5111003 6.343188 1.461319 0.39291966
5494.9062 6.3829603 6.310507 1.2704167 0.38677412
5498.4824 6.582058 6.4907074 1.2308756 0.38991112
5502.0586 7.025232 6.829817 1.4478015 0.401763
5505.635 6.9041514 6.741323 1.2999228 0.3966825
5509.2104 6.760109 6.600372 1.2149025 0.3919312
5512.7866 6.5099325 6.3922763 1.0164183 0.38465017
5516.363 6.655883 6.6117573 1.1907443 0.38868666
5519.939 6.2408776 6.046328 1.4944767 0.38804665
5523.515 6.346985 6.150925 1.3707869 0.38799354
5527.091 7.020668 6.8875985 1.0533404 0.39339852
5530.667 7.351775 7.2786336 1.1198761 0.4019078
5534.243 6.680198 6.642524 1.3001188 0.39175755
5537.8193 6.250223 6.15002 1.1360236 0.3812996
5541.3955 6.7760777 6.5592146 1.2970455 0.39506304
5544.9717 6.167278 5.9538007 1.4411085 0.38580415
5548.5474 6.7418633 6.548846 1.1958947 0.3924269
5552.1235 6.626436 6.532194 1.0047653 0.38643584
5555.6997 6.9600534 6.692696 1.0531414 0.39515206
5559.276 6.8574715 6.633542 1.0457968 0.39231244
5562.852 6.5815134 6.3843637 0.96688133 0.38586527
5566.428 6.693715 6.589483 2.5272048 0.40979478
5570.004 6.4682145 6.2136245 3.2412517 0.41735452
5573.58 7.1202254 6.8752728 3.5415337 0.43402007
5577.1562 6.402363 6.3802447 3.7848108 0.42177647
5580.7324 6.3936343 6.414309 3.3592215 0.4152962
5584.3086 6.746525 6.52644 1.9549395 0.4030736
5587.8843 6.1590495 5.97203 1.1029766 0.38065752
5591.4604 6.236497 6.201577 1.1183596 0.379373
5595.0366 6.1782017 5.976049 1.3987969 0.38457748
5598.613 6.166689 5.9928613 1.0966196 0.3796671
5602.189 6.7629886 6.5015483 1.1523359 0.39242882
5605.765 5.661547 5.5138497 1.0885825 0.36979705
5609.341 6.523691 6.4048667 1.024749 0.38406253
5612.917 6.3874917 6.088211 1.4874707 0.39202315
5616.493 6.4667516 6.304271 1.0657583 0.38426927
5620.0693 6.547475 6.414983 1.3283057 0.38851345
5623.6455 6.737305 6.4997263 1.522321 0.39630392
5627.2217 7.421648 7.2550216 1.067208 0.40194517
5630.7974 6.3060675 6.2374887 1.2950891 0.3860711
5634.3735 6.5862412 6.4262886 0.9753305 0.38538203
5637.9497 7.2762527 7.015622 1.2418883 0.4027954
5641.526 6.2609916 6.0967946 1.2531633 0.38441992
5645.102 6.345536 6.2255816 1.0101314 0.38102436
5648.6777 6.772344 6.5624294 1.3049356 0.39468932
5652.254 6.303738 6.1548567 0.89924866 0.3781903
5655.83 6.875117 6.653181 1.0541668 0.3948134
5659.4062 6.2991323 6.355984 0.9333447 0.3769534
5662.9824 5.90279 5.7519584 1.3249359 0.37827322
5666.5586 6.2050076 6.054903 1.3452886 0.38411662
5670.1343 6.0085387 5.8492317 1.5195845 0.38326907
5673.7104 6.399966 6.076749 1.3478488 0.38969937
5677.2866 6.3680706 6.1109314 1.102114 0.38402778
5680.863 6.407462 6.1516137 1.0107962 0.38362247
5684.439 6.836131 6.637194 1.0327117 0.39149228
5688.015 6.5068784 6.2998967 1.1958138 0.38835618
5691.591 5.909031 5.6956396 1.2932092 0.379369
5695.167 6.4957757 6.425461 1.0869607 0.38342157
5698.743 6.96566 6.823943 1.1494 0.39517668
5702.3193 6.206084 5.98959 1.2087073 0.382731
5705.8955 5.812277 5.6890855 1.1785198 0.3730356
5709.471 5.9332867 5.858089 1.2287705 0.37588796
5713.0474 5.418328 5.2360287 1.430343 0.37151152
5716.6235 6.043591 5.8946905 0.9729377 0.3744317
5720.1997 6.4849014 6.3214674 0.9520301 0.38305998
5723.776 6.3006124 6.0536027 1.1114149 0.38343135
5727.352 6.3255982 6.0893407 1.3670138 0.3872627
5730.9277 6.1651773 5.950377 1.5564396 0.38736138
5734.504 5.8374734 5.590924 1.3128505 0.37829688
5738.08 5.479638 5.2647386 1.2295899 0.36983767
5741.6562 6.1552005 5.998397 1.0728863 0.3784692
5745.2324 6.114362 5.9933066 1.0796825 0.37698856
5748.8086 5.6278496 5.4377427 1.0534319 0.36812034
5752.3843 5.8044524 5.590302 1.1557764 0.37425378
5755.9604 5.8468676 5.700004 1.2551074 0.3760553
5759.5366 5.8431315 5.5967946 1.1955954 0.37598863
5763.113 5.890569 5.6409125 1.0852466 0.37507918
5766.689 6.2326236 5.9476066 0.93098354 0.38018724
5770.2646 6.5005956 6.285846 0.8940807 0.38435334
5773.841 5.457341 5.316399 1.2186404 0.36758983
5777.417 5.757117 5.584445 1.3891362 0.37624925
5780.993 6.0692415 5.9930687 1.3001177 0.380005
5784.5693 5.6280713 5.5971756 1.002841 0.36721534
5788.1455 5.86954 5.720265 0.9679635 0.37259716
5791.721 6.190437 6.013456 1.1126022 0.38107714
5795.2974 5.690695 5.5347624 0.9910533 0.36809775
5798.8735 5.4749913 5.286892 1.2933779 0.37010777
5802.4497 6.200523 6.1089478 1.0213828 0.3785361
5806.026 6.5517607 6.376031 1.0075657 0.38496798
5809.6016 5.9309077 5.7312922 1.3342144 0.37980223
5813.1777 6.0619226 5.9801664 1.2847646 0.3802565
5816.754 5.912519 5.7568445 1.1215622 0.37458244
5820.33 6.1026115 5.872207 1.2122738 0.3805574
5823.9062 6.3854628 6.2744403 1.0362653 0.3827665
5827.4824 5.8131857 5.776478 1.1646034 0.37233436
5831.058 5.7904086 5.567652 1.2079462 0.37511718
5834.6343 5.819398 5.5321856 1.2638205 0.37709776
5838.2104 5.8050904 5.6019926 1.4166589 0.37853014
5841.7866 5.3049393 5.161301 1.3605499 0.36664593
5845.363 6.1478677 6.018692 1.0489416 0.37911382
5848.939 6.1744795 6.0640607 0.973826 0.377413
5852.5146 6.148757 6.0545735 1.1343572 0.3785509
5856.091 5.4035163 5.372314 1.3195026 0.36784792
5859.667 5.8411093 5.742669 1.1497444 0.3734452
5863.243 6.024803 5.9187913 1.069735 0.37594414
5866.8193 6.0154157 6.0689025 1.2202779 0.3771003
5870.395 5.9338503 5.9254637 1.3110089 0.3768196
5873.971 5.9248133 5.8580275 1.1651516 0.3753754
5877.5474 6.0085926 5.903654 1.18269 0.37753376
5881.1235 5.34551 5.346512 1.6031843 0.37091574
5884.6997 5.5501018 5.7345114 2.3931568 0.38439825
5888.276 5.611796 5.4391236 3.8651187 0.4133108
5891.8516 5.3089843 5.130015 4.6439633 0.41837382
5895.4277 5.563949 5.5629516 4.3382483 0.41483986
5899.004 5.9751124 5.844678 3.7969124 0.41541013
5902.58 5.9219747 5.780137 2.8854563 0.40232065
5906.1562 6.566169 6.382597 1.8983616 0.40067866
5909.7324 6.625555 6.430107 1.2799693 0.39111683
5913.308 5.394218 5.311392 1.1430677 0.36356282
5916.8843 5.325853 5.1905646 1.1479701 0.36387262
5920.4604 6.0222306 5.734427 0.9922813 0.37628207
5924.0366 5.5153594 5.368838 1.1649948 0.3689677
5927.613 5.4622083 5.3252273 1.1793476 0.3678973
5931.1885 5.7902513 5.651529 1.0843714 0.37163576
5934.7646 5.157397 5.0543957 1.1956509 0.36145914
5938.341 4.884446 4.763486 1.5096608 0.36152458
5941.917 5.946205 5.881099 1.4812919 0.3811128
5945.493 5.4585805 5.4237494 1.1710986 0.36627
5949.0693 5.7287173 5.608479 1.1039252 0.3713448
5952.645 6.059178 5.8488984 1.3137532 0.3827479
5956.221 6.641344 6.55355 1.1988338 0.3896587
5959.7974 6.322047 6.1756716 1.2424322 0.3845445
5963.3735 5.695441 5.457634 1.135772 0.37219688
5966.9497 6.0001526 5.7241526 1.3165511 0.38127473
5970.526 6.123973 5.89734 1.4137331 0.38444465
5974.1016 5.761005 5.744515 1.5248834 0.37765637
5977.6777 5.6407747 5.646793 1.0835936 0.3671683
5981.254 5.964337 5.845617 1.1920167 0.3755935
5984.83 5.9027023 5.668309 1.2923148 0.37835497
5988.4062 6.402663 6.1527715 0.87047935 0.38079032
5991.982 5.8095293 5.7357492 1.1790043 0.3736605
5995.558 5.9998813 5.837691 1.1102711 0.37723225
5999.1343 5.5048685 5.2839146 1.0558844 0.36703596
6002.7104 5.707337 5.625071 1.0635178 0.37030277
6006.2866 5.558042 5.418559 1.2428067 0.3708802
6009.863 6.028754 5.8829684 1.1523514 0.3788632
6013.4385 5.7183666 5.5657473 1.167534 0.37255514
6017.0146 5.9376884 5.7124133 1.1060381 0.3759677
6020.591 5.5461106 5.53604 0.94497406 0.36306158
6024.167 5.6996746 5.6662936 1.1592913 0.37063098
6027.743 5.76329 5.5949945 1.414694 0.37895334
6031.3193 5.004149 4.9136915 1.3017917 0.36022043
6034.895 5.2921185 5.100513 1.0726013 0.36361048
6038.471 5.5248404 5.315678 1.3062931 0.3724222
6042.0474 5.7472954 5.481143 1.0963851 0.373014
6045.6235 5.539958 5.331195 1.0525664 0.3680768
6049.1997 6.2230177 6.016968 1.158055 0.38273892
6052.7754 5.841197 5.6663613 1.09769 0.3736666
6056.3516 5.6523676 5.4863505 1.1095997 0.37026227
6059.9277 5.422144 5.2182574 1.1764759 0.36759976
6063.504 5.7140274 5.624904 1.0711744 0.37079263
6067.08 5.4977503 5.338568 1.154273 0.36869276
6070.6562 5.239159 5.049503 1.123074 0.36292306
6074.232 6.2541347 6.183276 1.0378114 0.37981352
6077.808 6.2641187 6.1186213 1.1147156 0.38122854
6081.3843 5.896781 5.6822395 1.2249671 0.37703106
6084.9604 6.0727644 5.900593 1.2836946 0.38137895
6088.5366 6.3745666 6.156863 1.1591904 0.38569742
6092.1123 6.024751 5.7983575 1.1817334 0.37992492
6095.6885 5.691751 5.480932 1.2998495 0.3749289
6099.2646 5.6584983 5.4540143 1.3614972 0.37646598
6102.841 5.8337483 5.684377 1.3164217 0.37716475
6106.417 6.160188 6.0216775 1.1533468 0.38069966
6109.993 5.8268933 5.7209 1.0250878 0.37227198
6113.569 5.7973027 5.6151567 1.1822163 0.374396
6117.145 5.92857 5.771203 0.9224572 0.37234238
6120.721 6.712138 6.527819 0.9601217 0.3882015
6124.2974 5.8456407 5.604682 1.2901446 0.37795994
6127.8735 5.5481753 5.3195353 1.3307811 0.37371767
6131.4497 6.0281196 5.8466644 1.2025158 0.3799737
6135.0254 5.3561077 5.1620116 1.3319598 0.36874834
6138.6016 5.5103197 5.415453 1.1604475 0.36831954
6142.1777 6.0903535 6.0250325 0.81350034 0.37315127
6145.754 5.9546576 5.7682056 1.0085521 0.37426737
6149.33 5.825912 5.60444 1.0164852 0.37187043
6152.906 5.8926682 5.7547626 1.12277 0.37381092
6156.482 5.9867945 5.8451853 1.2623595 0.38176933
6160.058 5.7487783 5.5358925 1.4416629 0.3803602
6163.6343 5.99687 5.7337465 1.2260847 0.38028646
6167.2104 6.2334733 6.0386586 0.88136756 0.37838808
6170.7866 6.0417504 5.8408713 1.0586874 0.37828875
6174.3623 6.1372986 5.9569545 1.1274741 0.38165897
6177.9385 5.763102 5.5995464 1.246648 0.37474406
6181.5146 5.43598 5.211926 1.1649461 0.36869818
6185.091 5.3912683 5.2118 1.1074339 0.3657684
6188.667 5.926248 5.8574853 0.94939893 0.371022
6192.243 6.271299 6.1128306 0.82777035 0.3774897
6195.819 5.797478 5.4857244 1.0492262 0.37488127
6199.395 5.5778413 5.454529 1.1348598 0.37014446
6202.971 5.59765 5.5212274 1.0814388 0.36795983
6206.5474 6.032201 5.857333 1.0637176 0.37646386
6210.1235 6.224882 6.012105 0.8970457 0.37798548
6213.699 5.623506 5.346126 0.9146425 0.36870646
6217.2754 5.0891857 4.846687 1.3623265 0.366755
6220.8516 5.5281496 5.330054 1.0163008 0.36683103
6224.4277 6.486751 6.31912 0.77785546 0.38086793
6228.004 6.413724 6.268099 1.0842856 0.38540727
6231.58 6.064654 5.838507 1.1579973 0.3809693
6235.156 5.5853124 5.3846965 1.4540986 0.37599498
6238.732 5.3497767 5.271427 1.3061792 0.36672425
6242.308 5.813123 5.644378 0.97616506 0.37232414
6245.8843 5.657078 5.4489317 1.308344 0.37448913
6249.4604 5.7575893 5.5504384 1.3278642 0.37598756
6253.0366 5.413285 5.2882257 1.0901563 0.3656937
6256.6123 5.404183 5.392133 1.093181 0.3659362
6260.1885 5.506845 5.33931 1.0814795 0.36756015
6263.7646 5.2774215 5.112115 1.3292962 0.3663584
6267.341 5.77203 5.672055 1.2600456 0.37450024
6270.917 5.3325033 5.1432424 1.2117012 0.36569238
6274.4927 5.268412 5.107105 1.014454 0.36061904
6278.069 5.2092605 5.088102 0.92821187 0.35880086
6281.645 5.450485 5.2214947 1.2083337 0.3711331
6285.221 5.5074925 5.308251 1.099754 0.36841398
6288.7974 5.3274035 5.2200704 1.1451665 0.36399534
6292.3735 5.9211917 5.8427467 0.97427535 0.3722917
6295.949 6.105065 5.986303 1.3852183 0.38362408
6299.5254 6.2066274 6.088689 1.6655116 0.39005938
6303.1016 6.1423225 5.9115624 1.4762915 0.3863604
6306.6777 6.0024433 5.862874 1.4740801 0.38191798
6310.254 5.9363265 5.775069 1.8476917 0.3878426
6313.8296 5.775625 5.576266 1.5123911 0.37999868
6317.406 6.1584067 6.020117 0.9471599 0.3785755
6320.982 6.180123 6.025077 1.013352 0.37945196
6324.558 5.8378825 5.680779 0.87939304 0.37049758
6328.1343 6.124913 5.96238 1.1267788 0.3818475
6331.7104 6.035007 5.850317 1.3179816 0.38216236
6335.286 5.425683 5.33292 1.2833822 0.36853182
6338.8623 5.774148 5.7798767 1.2699363 0.37313503
6342.4385 6.121271 5.9226627 1.1700261 0.38069534
6346.0146 5.857451 5.59521 0.9998546 0.37392703
6349.591 6.1095204 5.8844795 0.8675041 0.3770052
6353.167 5.8467546 5.688209 0.93158484 0.37125447
6356.7427 5.808459 5.671238 0.9930203 0.37240455
6360.319 5.534513 5.440784 1.0962478 0.36927202
6363.895 6.005021 5.841442 1.1479801 0.37751234
6367.471 6.1273365 6.0190315 1.1344218 0.37862995
6371.0474 5.4312315 5.337185 1.24625 0.36813343
6374.623 5.8589134 5.6449356 1.1883303 0.37670884
6378.199 6.2206016 6.018076 0.93181425 0.37838054
6381.7754 5.299654 5.168615 1.1108708 0.36354887
6385.3516 6.133148 5.974979 0.8876232 0.377134
6388.9277 5.7085934 5.6279893 1.004099 0.36879528
6392.504 5.680389 5.523651 1.1150991 0.37084067
6396.0796 6.056444 5.829797 1.2207261 0.38229096
6399.656 5.622338 5.4715242 1.1050142 0.3699209
6403.232 5.783971 5.6641293 1.1595736 0.37310323
6406.808 5.9761214 5.8860593 1.3350713 0.38102764
6410.3843 5.42353 5.3601775 1.0923903 0.36494341
6413.9604 5.9851747 5.7787013 0.9756261 0.37562132
6417.536 6.580765 6.373761 1.0434102 0.3867841
6421.1123 7.07854 6.8459806 1.0612335 0.39774826
6424.6885 6.1937003 6.125479 1.14259 0.38207674
6428.2646 5.937064 5.822803 1.4649711 0.3818222
6431.841 6.286532 6.1037064 1.048508 0.3817403
6435.4165 6.6497736 6.524432 0.61771846 0.3809583
6438.9927 6.3186393 6.037548 0.81940764 0.38127172
6442.569 7.015686 6.7378826 1.039798 0.3964586
6446.145 6.5079246 6.355376 0.9660335 0.38478053
6449.721 6.151996 6.0266147 0.9782233 0.37862828
6453.2974 6.4253755 6.2407627 1.0516634 0.38403496
6456.873 6.5320196 6.342237 0.91257703 0.38529775
6460.449 6.424525 6.173853 0.88898396 0.38321716
6464.0254 6.110813 5.914636 1.2021177 0.38240677
6467.6016 6.6004305 6.316004 1.0158519 0.38871068
6471.1777 6.140666 5.8785276 1.1834525 0.38279638
6474.754 6.5528045 6.3626223 1.3986198 0.39544222
6478.3296 6.337294 6.2114453 1.3830643 0.38838693
6481.906 6.9624753 6.8484564 1.0940043 0.39514217
6485.482 7.152015 6.998315 0.91598177 0.39603963
6489.058 7.446024 7.176956 0.84606946 0.4007298
6492.6343 6.4079156 6.199436 1.2139094 0.38948873
6496.21 6.434362 6.1991653 1.2579867 0.39073065
6499.786 7.203419 6.933283 1.2824525 0.40329373
6503.3623 7.1935844 6.986676 1.002592 0.39737782
6506.9385 7.1090655 6.8933735 0.7428791 0.39245898
6510.5146 7.4504285 7.1631956 0.7697417 0.40018845
6514.091 7.093653 6.810051 1.0723404 0.3993868
6517.6665 7.076806 6.9957643 0.93115455 0.39451116
6521.2427 7.0401993 6.8186736 1.0407691 0.3965986
6524.819 6.84926 6.6353035 1.069862 0.39508384
6528.395 7.036366 6.6921744 1.2236843 0.400945
6531.971 7.3533745 7.1404014 1.0704439 0.40249887
6535.5474 6.5223355 6.368823 1.1540213 0.38818026
6539.123 6.516208 6.275226 1.183034 0.38960782
6542.699 6.647192 6.455971 0.8974587 0.3874281
6546.2754 6.126486 5.9473586 1.1170759 0.38113546
6549.8516 6.5038013 6.3604317 0.93394965 0.38495535
6553.4277 6.459546 6.3463383 0.9920245 0.38515392
6557.0034 6.1665163 5.937419 1.1483616 0.38204682
6560.5796 6.342024 6.0641336 1.2554519 0.38830274
6564.156 6.0322075 5.849069 1.3261157 0.38259056
6567.732 6.2771297 6.1188064 1.2421852 0.38651082
6571.308 5.9401627 5.814783 1.3770967 0.38142493
6574.8843 5.3775263 5.2793336 1.2366791 0.3700224
6578.46 5.868541 5.6387806 1.2552003 0.38018918
6582.036 6.524296 6.30973 1.0523214 0.38736758
6585.6123 6.2273583 6.0429316 0.9898615 0.38106954
6589.1885 5.547538 5.436834 1.1386794 0.36932015
6592.7646 5.2812138 5.127423 0.95040226 0.36168906
6596.3403 6.3760014 6.1393375 0.99413073 0.38443866
6599.9165 6.5106034 6.3297505 1.0005492 0.38602522
6603.4927 6.2712784 6.2327733 0.9958023 0.379941
6607.069 5.873744 5.6751018 0.99065095 0.3746264
6610.645 6.1877236 5.9135833 0.94922465 0.38020623
6614.221 5.8766303 5.704738 1.2192336 0.37728506
6617.797 5.5906396 5.5112967 0.83317536 0.36359522
6621.373 4.5341587 4.4288683 1.0247381 0.34646586
6624.949 5.3177643 5.1351933 0.9437468 0.36148813
6628.5254 5.7773747 5.6207743 1.1795255 0.37506554
6632.1016 5.7743106 5.6302953 1.009043 0.37174183
6635.6777 5.606629 5.397886 0.97581005 0.36883742
6639.2534 4.8968506 4.767764 1.0280461 0.35401753
6642.8296 5.4019175 5.3075085 1.0776522 0.36587122
6646.406 5.734012 5.5318995 1.0210075 0.3719927
6649.982 5.435839 5.2820334 0.9595863 0.36383203
6653.558 5.187716 4.933146 0.8929289 0.360024
6657.134 5.2733674 4.9937124 1.1517533 0.36899614
6660.71 5.1302614 4.9216924 1.0829089 0.3608522
6664.286 5.09146 4.968814 0.89490443 0.35518685
6667.8623 5.849969 5.6094117 1.0181948 0.3742522
6671.4385 4.9466767 4.7233453 1.1760155 0.35900444
6675.0146 5.208987 5.0335875 0.9315049 0.35898066
6678.5903 5.760674 5.6466813 0.87257135 0.36829504
6682.1665 5.3571258 5.1725636 1.125563 0.36652264
6685.7427 5.32327 5.155159 0.804651 0.35910857
6689.319 4.852029 4.6711307 0.9285959 0.3529487
6692.895 5.080853 4.8596463 1.0004346 0.35952473
6696.471 5.665189 5.459824 1.0143483 0.3697728
6700.047 5.60563 5.4478693 1.0935777 0.37000078
6703.623 5.2053695 5.0297556 1.1996552 0.3663609
6707.199 4.341526 4.244896 1.2693566 0.34868953
6710.7754 4.962195 4.831976 1.3273818 0.362246
6714.3516 4.656175 4.5512724 1.1085606 0.3496135
6717.9272 4.815177 4.615146 1.015969 0.35295781
6721.5034 5.281673 5.1002927 0.9791533 0.3624223
6725.0796 5.3285174 5.3398533 0.8745355 0.35974735
6728.656 5.1857877 5.080819 0.89642066 0.35874945
6732.232 4.4996657 4.301558 0.9856225 0.34721792
6735.808 4.422684 4.388142 1.160388 0.34672362
6739.384 5.0097175 4.897718 0.93398774 0.35548565
6742.96 5.2047496 5.069712 0.74958533 0.35522673
6746.536 4.9255085 4.7487583 1.0674319 0.3564034
6750.1123 4.929862 4.8217416 0.97393894 0.35529578
6753.6885 4.912516 4.735695 0.7680732 0.35119823
6757.2646 5.037422 4.783096 0.7725845 0.35365596
6760.8403 4.6454263 4.460484 0.9819223 0.349625
6764.4165 5.011531 4.9750896 0.92656755 0.35469383
6767.9927 4.977739 4.8832445 0.95516956 0.3555968
6771.569 4.689947 4.488332 0.85233355 0.34859025
6775.145 4.953092 4.781711 0.86864483 0.35315707
6778.7207 4.745205 4.5861335 0.7050929 0.34507576
6782.297 4.839639 4.636354 1.1517963 0.35543403
6785.873 5.5605817 5.3888206 0.95262796 0.36644426
6789.449 5.2399726 5.1959076 0.7923168 0.35619703
6793.0254 5.367532 5.203074 0.9879846 0.36401114
6796.6016 5.380664 5.172951 1.0624374 0.3668372
6800.1772 4.6162434 4.5560718 0.8615985 0.34613156
6803.7534 5.1125326 5.131742 0.79496723 0.35390687
6807.3296 4.923101 4.8085003 0.81594294 0.35081935
6810.906 4.995174 4.767896 0.89294225 0.35622993
6814.482 5.0995564 4.860208 0.9070515 0.35907084
6818.058 4.612078 4.479585 0.8759556 0.34551582
6821.634 4.714528 4.489634 0.904113 0.34974012
6825.21 5.3542833 5.153417 0.9346448 0.36294347
6828.786 4.581417 4.3997626 1.3753147 0.355624
6832.3623 4.8622565 4.7461505 1.2270691 0.35782638
6835.9385 5.2015076 5.04488 1.0334306 0.3605696
6839.514 4.6422067 4.437308 1.2326875 0.3545093
6843.0903 5.130827 5.0064507 1.0252336 0.36048985
6846.6665 4.4033546 4.297769 1.2837356 0.35119593
6850.2427 4.813994 4.7652287 0.91944534 0.3499453
6853.819 5.2987995 5.126139 0.8709632 0.361756
6857.395 4.801004 4.6116033 1.3184152 0.36020848
6860.9707 4.5779347 4.3939605 1.3847798 0.35451958
6864.547 4.394205 4.2847652 1.2764258 0.34912765
6868.123 4.001678 3.9824288 1.394411 0.3416743
6871.699 4.0064087 3.9826868 1.1823623 0.33897203
6875.2754 3.6581452 3.6142635 1.1058745 0.32877624
6878.851 3.7065678 3.590143 0.92144114 0.32740134
6882.4272 4.3249865 4.341007 0.96193665 0.3398881
6886.0034 4.180954 4.117295 1.0063637 0.3398889
6889.5796 3.885298 3.7801785 1.2153699 0.33793366
6893.156 4.3692617 4.2760215 1.1653444 0.34738412
6896.732 3.9734633 3.8630984 0.9793133 0.335483
6900.3076 3.758013 3.6811302 0.9929939 0.3295206
6903.884 4.4288445 4.3725805 1.0102941 0.34384754
6907.46 3.5742724 3.5793116 1.0417533 0.3256461
6911.036 4.620891 4.5059423 0.8733898 0.3455576
6914.6123 4.523088 4.434203 1.0902071 0.34787393
6918.1885 4.0630803 3.8946955 1.1684827 0.34065458
6921.764 4.3307896 4.26848 1.0953293 0.34368628
6925.3403 5.458119 5.355175 0.9671617 0.3648844
6928.9165 5.041486 4.893738 1.2165252 0.36109763
6932.4927 4.2862134 4.175288 0.99570775 0.3407924
6936.069 4.8443484 4.65751 0.961327 0.35298422
6939.6445 5.0183625 4.878207 1.1048545 0.35918787
6943.2207 4.758682 4.634361 1.0122795 0.35098356
6946.797 5.183629 5.0469956 0.89449763 0.3577348
6950.373 5.449535 5.3633475 0.6432554 0.35784703
6953.949 4.942671 4.7486305 0.90120184 0.35421258
6957.5254 5.064144 4.9086924 0.964992 0.35981613
6961.101 4.91473 4.8043914 0.8717391 0.3532776
6964.6772 4.4633813 4.3115726 1.0832198 0.34751937
6968.2534 4.806049 4.6829767 1.114369 0.35440996
6971.8296 4.425617 4.315607 1.3049753 0.34888524
6975.406 4.299777 4.2226233 1.12821 0.34353146
6978.982 4.970642 4.7706456 1.0082402 0.35679576
6982.5576 4.963273 4.813825 0.8688449 0.35332885
6986.134 4.9124026 4.8084793 0.95427066 0.3544279
6989.71 4.636705 4.5791163 0.9350575 0.34819603
6993.286 4.7588916 4.7109966 0.69101167 0.34455276
6996.8623 4.3244786 4.1847706 0.8888903 0.34033018
7000.438 4.4004855 4.2549267 1.0643578 0.34494966
7004.014 5.197789 4.9891744 0.72109467 0.35550725
7007.5903 4.941598 4.80658 0.874933 0.35350835
7011.1665 4.997071 4.8799343 0.7668292 0.3524546
7014.7427 5.365991 5.146557 0.69927627 0.3594194
7018.319 5.0162 4.689619 0.741369 0.35489848
7021.8945 5.1373477 5.008111 0.60829794 0.35238624
7025.4707 4.821919 4.7540274 0.9739077 0.35128435
7029.047 4.2013125 3.896839 0.7482271 0.3375156
7032.623 4.4594064 4.3376803 0.7926621 0.3413684
7036.199 4.8403215 4.8372946 0.7962235 0.3480437
7039.7754 4.5741 4.4728765 0.8000381 0.3436341
7043.351 4.4108906 4.277731 0.91670275 0.34190688
7046.9272 4.818488 4.773235 1.0094239 0.35366946
7050.5034 4.7013493 4.5555444 1.0343891 0.35246393
7054.0796 5.01634 4.7556877 0.9673089 0.35685757
7057.656 4.7123427 4.5181046 1.0336052 0.35269374
7061.2314 4.249794 4.087858 1.0133783 0.34250012
7064.8076 4.8329387 4.5723867 0.9360593 0.353787
7068.384 4.8216443 4.759324 0.9445211 0.35279152
7071.96 4.409334 4.396104 0.8417979 0.34106413
7075.536 4.4634094 4.368994 0.62441057 0.33812025
7079.1123 5.0952764 5.023288 0.75919574 0.35372066
7082.688 4.9467583 4.8735 1.0205855 0.3550443
7086.264 4.974615 4.9418364 1.0120381 0.35577586
7089.8403 4.8872 4.727452 0.8172861 0.35184535
7093.4165 4.5863323 4.3850436 0.97185916 0.34833103
7096.9927 4.7652245 4.606955 1.0499834 0.35382184
7100.569 4.823325 4.682304 0.8569465 0.35204187
7104.1445 4.5831065 4.4626455 1.0146241 0.34879035
7107.7207 4.3414025 4.2458324 0.8177538 0.3411865
7111.297 5.4519014 5.241585 0.73978037 0.36261162
7114.873 4.967257 4.7304606 1.0949185 0.35891917
7118.449 4.379465 4.3580656 1.1492057 0.3471693
7122.025 4.934146 4.854963 1.0019826 0.35506904
7125.601 4.930883 4.8898664 0.9369613 0.3547858
7129.1772 4.658304 4.5451555 1.0164443 0.35150182
7132.7534 4.8463297 4.6410656 1.0321189 0.35490757
7136.3296 4.6630917 4.5465326 0.9694543 0.34881714
7139.906 4.6017265 4.5905523 0.94069177 0.3470098
7143.4814 5.146811 5.0485487 1.1108247 0.36304432
7147.0576 4.584968 4.4100575 1.138927 0.35183737
7150.634 4.37212 4.2390966 1.0041517 0.34433562
7154.21 4.5766745 4.374027 0.99489844 0.34914142
7157.786 4.5339055 4.3264365 1.060797 0.3502767
7161.362 4.7061324 4.477303 1.0454023 0.35318834
7164.938 5.342725 5.186605 0.8045404 0.36082694
7168.514 4.868728 4.824946 0.7492155 0.34805134
7172.0903 4.331722 4.294574 0.8588381 0.3399862
7175.6665 4.0429454 3.9176476 1.0456914 0.33914852
7179.2427 3.9374313 3.878611 0.85720044 0.33169115
7182.8184 4.1409125 4.0214915 0.970322 0.33918
7186.3945 4.094058 4.026259 0.93550575 0.33723032
7189.9707 4.2190914 4.237367 0.85176146 0.3384343
7193.547 4.1863885 4.129618 1.1271887 0.34309554
7197.123 4.020502 3.892457 0.8597672 0.33338267
7200.699 4.4794903 4.385936 0.88754463 0.34407812
7204.275 4.911012 4.811728 0.7293454 0.35079086
7207.851 4.563046 4.3172126 0.6591826 0.34243956
7211.4272 4.512793 4.4404016 0.76425105 0.34233946
7215.0034 4.5302806 4.463843 0.80305 0.34523404
7218.5796 4.476818 4.2738557 0.97488534 0.3471434
7222.1553 4.151942 4.1279936 0.95116913 0.33701327
7225.7314 4.095842 4.03573 1.1624092 0.34065142
7229.3076 4.018723 3.854782 1.5530589 0.34717512
7232.884 4.561564 4.564816 1.5040798 0.355181
7236.46 3.9129035 3.8661458 1.8183235 0.34797037
7240.036 4.041946 3.857275 1.7835371 0.35101953
7243.612 4.1873283 4.0294957 1.4543614 0.3477006
7247.188 4.440609 4.3071733 1.2486613 0.35077125
7250.764 4.347262 4.2206697 0.93731993 0.34382305
7254.3403 4.335271 4.281031 0.64554656 0.33539718
7257.9165 4.388006 4.288706 0.774326 0.34016222
7261.4927 3.9433415 3.868755 1.3155587 0.33979613
7265.0684 4.4409714 4.39613 1.6453693 0.354517
7268.6445 4.262445 4.165926 1.7182578 0.35523862
7272.2207 4.04527 3.9367373 1.8587742 0.35479185
7275.797 4.090616 3.9729292 1.5698447 0.34833205
7279.373 3.5467443 3.5183196 1.38601 0.33274746
7282.9487 4.0585403 3.914705 1.0632675 0.33910075
7286.525 4.521391 4.435231 0.8209132 0.3442696
7290.101 4.4979672 4.378585 0.99367803 0.34716082
7293.6772 4.220178 4.0908537 1.0263544 0.3415044
7297.2534 4.0471926 3.9381416 1.1211221 0.33894157
7300.8296 3.8735945 3.7139707 1.2733424 0.33847687
7304.4053 3.8337135 3.8059382 1.0356932 0.33197206
7307.9814 4.327363 4.213438 1.1510179 0.3447725
7311.5576 4.3373766 4.160849 1.2115998 0.34758997
7315.134 4.014409 3.9571555 1.1994284 0.33991396
7318.71 4.0647035 4.05599 1.0277723 0.3377775
7322.286 3.878251 3.8634474 0.94110435 0.33227488
7325.862 4.181494 4.0441127 1.3133221 0.34487256
7329.438 4.2538395 4.027713 1.66249 0.35396013
7333.014 4.4788885 4.26638 1.5585428 0.35677865
7336.5903 4.685507 4.6935225 1.274746 0.35505632
7340.1665 4.32871 4.2858167 1.0553077 0.34321988
7343.742 4.28595 4.213649 0.9889057 0.34061995
7347.3184 4.3290687 4.223128 0.8221574 0.34047887
7350.8945 4.2725773 4.1143093 0.90565455 0.34013534
7354.4707 3.9068017 3.6891718 1.6110679 0.34744006
7358.047 3.9196408 3.7633734 1.7633317 0.3517362
7361.623 4.3029847 4.230099 1.2847711 0.34793976
7365.1987 4.1066957 3.9180098 1.2939297 0.34450662
7368.775 4.388926 4.2884183 0.93240595 0.34268835
7372.351 4.767206 4.7135825 0.86735356 0.34901154
7375.9272 3.8813772 3.7079904 1.0498291 0.33584717
7379.5034 3.408507 3.2129016 1.1343442 0.32601234
7383.0796 3.8909187 3.777324 1.2210338 0.33809432
7386.6553 4.32661 4.303084 0.9328796 0.34183797
7390.2314 4.4227495 4.3736315 1.09603 0.3478679
7393.8076 4.301616 4.1705356 1.2748675 0.34857967
7397.384 3.8902762 3.6632981 1.2844343 0.34000412
7400.96 4.070762 4.0273466 1.0679083 0.33866283
7404.5356 4.3493056 4.356514 0.68646884 0.33614743
7408.112 4.238137 4.1049795 0.86306274 0.3396864
7411.688 4.2659082 4.1745152 1.1306151 0.34542796
7415.264 4.312683 4.229043 0.98889834 0.34283873
7418.8403 4.0308094 3.994345 0.9855654 0.33674437
7422.4165 4.039172 4.010887 1.189456 0.33972967
7425.992 4.182316 4.012019 1.0314374 0.3416647
7429.5684 3.872226 3.6886227 1.178997 0.33893406
7433.1445 4.079269 3.971362 0.98338604 0.33803266
7436.7207 3.9262617 3.8092973 0.70484483 0.3288352
7440.297 3.5846686 3.431288 0.9314467 0.3270993
7443.8726 4.012859 3.929176 0.9032675 0.33541188
7447.4487 3.8754437 3.686477 0.67338854 0.32918677
7451.025 3.5773916 3.3554971 0.8683515 0.32562748
7454.601 4.0806813 4.036473 0.9626417 0.33712858
7458.1772 4.09542 3.911575 0.8190943 0.33758494
7461.7534 3.7926586 3.6348603 1.1523043 0.33433977
7465.329 4.029454 3.9895635 1.3215038 0.34235224
7468.9053 3.7813346 3.6549308 1.1943028 0.33566028
7472.4814 3.2489693 3.0996165 1.2290374 0.32532135
7476.0576 3.7183487 3.5775332 1.138925 0.33474702
7479.634 3.8360152 3.7736154 1.0928646 0.33408365
7483.21 3.4692085 3.3624682 1.0925088 0.32755545
7486.7856 4.131492 3.8903997 0.7343094 0.33610696
7490.362 4.1286974 4.049621 0.7596332 0.33402327
7493.938 4.1118526 4.1075387 0.7955204 0.3353364
7497.514 3.9694214 3.8865762 0.7451736 0.33127174
7501.0903 3.412317 3.3426383 1.0825119 0.32357338
7504.666 3.9762707 3.855529 1.230395 0.34044933
7508.242 4.0548344 3.927527 1.1062851 0.33978623
7511.8184 3.9551759 3.8106925 1.2331789 0.33920336
7515.3945 4.05586 3.9685616 1.0219717 0.33723688
7518.9707 4.1075907 3.9762976 0.8532152 0.33581322
7522.547 4.07752 3.9913661 0.7989782 0.33388275
7526.1226 4.0279226 3.9257927 0.74379903 0.33233935
7529.6987 3.9327064 3.7757435 0.7327661 0.3301225
7533.275 4.0075207 3.8576875 0.97086465 0.3372081
7536.851 3.4916518 3.4102845 0.72611475 0.319656
7540.4272 3.7074728 3.5872993 0.67458266 0.32249552
7544.0034 3.9345403 3.827965 0.88878685 0.33404064
7547.579 3.9251552 3.9039128 0.74530476 0.3295562
7551.1553 3.64622 3.5216978 1.0916545 0.33128986
7554.7314 3.4461088 3.3518972 1.2986704 0.33065736
7558.3076 4.0842366 3.9055552 1.0369769 0.34047803
7561.884 3.3944416 3.268803 1.3617389 0.33340442
7565.4595 3.8713772 3.777307 1.0372157 0.33291483
7569.0356 4.0549903 3.9975286 0.550997 0.32772586
7572.612 3.7456093 3.5589535 0.8144793 0.32853648
7576.188 3.4381266 3.3180497 0.7682796 0.32033518
7579.764 2.0591643 2.0368025 0.79162127 0.28647706
7583.3403 1.8610717 1.9704305 0.31241515 0.26665366
7586.916 0.6359369 0.7994511 0.6084162 0.23835053
7590.492 0.90769047 1.2324922 0.5940122 0.24277112
7594.0684 1.1703044 1.1388402 0.6636468 0.25776765
7597.6445 1.8462907 1.7810344 0.5917078 0.27464607
7601.2207 2.995324 2.9437995 0.3033651 0.29780897
7604.797 2.201343 2.3113866 0.7662894 0.28758907
7608.3726 2.6699622 2.5640924 0.48554778 0.2950873
7611.9487 1.8158411 1.8085693 0.6655983 0.27572128
7615.525 1.8106484 1.7275081 1.1120466 0.28908038
7619.101 2.176664 2.2321365 0.5044516 0.28177473
7622.6772 1.8020164 1.7869323 0.73690253 0.2785377
7626.253 1.9953947 2.1337793 0.5220794 0.27576575
7629.829 2.688054 2.647342 0.48084298 0.29573232
7633.4053 2.818657 2.7556798 0.48136097 0.2994773
7636.9814 2.5420887 2.422949 0.64528245 0.2971999
7640.5576 2.6454315 2.598619 0.65703744 0.2996721
7644.134 3.2575865 3.0049465 0.99227643 0.32354558
7647.7095 3.425012 3.2677007 0.9483939 0.32492882
7651.2856 3.4596846 3.2976215 0.7007671 0.3193447
7654.862 3.193851 3.048663 0.94638413 0.31829762
7658.438 3.942393 3.848871 0.5719493 0.32668975
7662.014 3.62113 3.6295652 0.74182045 0.32089612
7665.5903 3.4957721 3.4567084 0.8302343 0.3207642
7669.166 3.4904428 3.4462917 0.60850585 0.31575623
7672.742 3.3511147 3.2748947 0.55123764 0.3133964
7676.3184 3.4196308 3.2548501 0.7863999 0.32215518
7679.8945 3.664624 3.569161 0.6822511 0.32239646
7683.4707 3.3563702 3.2861514 0.81081814 0.31720003
7687.0464 3.7184188 3.612108 0.99903166 0.3316414
7690.6226 3.0835035 3.3374257 1.2213743 0.31642377
7694.1987 4.1719365 4.230787 1.4282603 0.3463391
7697.775 3.71651 3.6090615 1.5334241 0.33844516
7701.351 3.2692065 3.183804 1.9138303 0.33817163
7704.9272 3.8389478 3.9113734 1.3849864 0.3377027
7708.503 3.661993 3.6694257 1.0658584 0.32848933
7712.079 3.6357012 3.5387917 1.0451653 0.32867053
7715.6553 3.8894665 3.9621265 0.6221073 0.32438755
7719.2314 2.9417033 3.052993 1.0461378 0.31538555
7722.8076 3.3370223 3.233949 0.78936213 0.31918147
7726.3833 3.3118215 3.305706 1.402267 0.3285258
7729.9595 3.509965 3.370488 1.7375978 0.3397242
7733.5356 4.387087 4.1810718 1.4514405 0.3533684
7737.112 4.2194057 4.05454 1.5605052 0.35159633
7740.688 3.3157632 3.2065694 1.5343902 0.33258498
7744.264 3.326191 3.3605938 1.0180855 0.3213383
7747.84 3.2122457 3.1525114 1.1435883 0.32072553
7751.416 4.1033235 3.9500532 0.93839604 0.33688352
7754.992 3.690154 3.55372 0.95821184 0.3303038
7758.5684 3.4113338 3.2917705 0.96917266 0.32388335
7762.1445 4.4069004 4.324356 0.76136196 0.3404453
7765.7207 3.5766146 3.5415545 0.8926071 0.32465774
7769.2964 3.5490735 3.4226332 1.1881058 0.32927004
7772.8726 3.5171719 3.434455 1.642665 0.3372928
7776.4487 3.2860136 3.3430507 1.5546594 0.32936165
7780.025 3.9028878 3.747741 1.5325998 0.3449479
7783.601 3.8728292 3.623531 1.2823304 0.34073108
7787.177 3.78031 3.6574636 1.122256 0.3331276
7790.753 3.311926 3.296743 1.1021584 0.32233763
7794.329 3.7145307 3.7113478 1.0389233 0.33111256
7797.9053 3.4627943 3.3548276 1.8945829 0.34178314
7801.4814 3.6447697 3.6129792 1.654479 0.34090304
7805.0576 3.656382 3.8659687 1.5318547 0.3377887
7808.6333 3.4537997 3.3844252 1.4271767 0.33355454
7812.2095 3.4548237 3.3565125 1.1476227 0.32658634
7815.7856 4.280452 4.2142606 0.86810774 0.33985233
7819.362 4.067078 3.9459233 0.9274257 0.33554435
7822.938 3.9639285 3.8146467 0.8738537 0.33328426
7826.514 4.157101 3.9751928 1.1351895 0.34495017
7830.09 3.396377 3.466811 1.3975747 0.32706466
7833.666 3.745195 3.6752026 1.448632 0.3392188
7837.242 3.8288805 3.6017745 1.680235 0.34748903
7840.8184 3.8602858 3.853189 1.7477959 0.34563377
7844.3945 3.8170412 3.64706 1.1532167 0.33528793
7847.97 3.7277741 3.6118772 1.5843248 0.3410459
7851.5464 3.8267536 3.7703261 1.040432 0.33316028
7855.1226 3.3070824 3.3071487 1.2289768 0.32426116
7858.6987 3.421755 3.3112705 1.336811 0.33153763
7862.275 3.7206898 3.6529515 0.8647884 0.3282126
7865.851 4.057794 3.9670165 1.087546 0.3383141
7869.427 4.064021 3.9296331 1.1073625 0.34270594
7873.003 3.9261205 3.8859432 1.1989595 0.33812955
7876.579 2.9447634 3.0353038 1.4532188 0.32296622
7880.1553 3.7481067 3.8283582 0.86274755 0.3280525
7883.7314 4.1706395 4.0754204 0.80205166 0.33748072
7887.3076 3.7565455 3.5621402 1.4358319 0.34090218
7890.8833 3.652867 3.699665 1.7779343 0.34100735
7894.4595 3.7143824 3.8588736 1.8194476 0.34355202
7898.0356 4.2963977 4.301508 1.787308 0.35602105
7901.612 4.1661105 4.0989285 1.7471557 0.35229036
7905.188 3.9160347 4.0422683 1.2054411 0.33677557
7908.7637 3.4519231 3.6188478 1.2159404 0.3261629
7912.34 3.1433315 2.9416716 1.2125818 0.3229263
7915.916 3.6494613 3.5278573 0.820031 0.32660633
7919.492 3.6517112 3.7214959 0.7686477 0.323072
7923.0684 3.6977575 3.6147602 0.6070437 0.3215175
7926.6445 3.9928024 3.8249867 0.66085976 0.32972166
7930.22 4.095019 3.900686 0.7762005 0.33556798
7933.7964 3.8166769 3.8488772 1.0542252 0.33172864
7937.3726 3.5266616 3.5726106 1.1171827 0.32688123
7940.9487 4.135251 4.220672 1.2299182 0.34259745
7944.525 4.5040455 4.3454757 0.99257904 0.34659436
7948.1006 4.26172 4.2523603 0.99851805 0.34135076
7951.677 3.4936275 3.38135 1.4416922 0.3341087
7955.253 3.4599507 3.661724 1.2301801 0.3256862
7958.829 3.4261286 3.4672573 0.86350447 0.3195165
7962.4053 4.1484485 4.29166 1.0056565 0.33660832
7965.9814 3.8111143 3.6261754 1.1881894 0.33673003
7969.557 4.0727687 3.9734654 1.2273324 0.34283352
7973.1333 3.1912673 3.1155288 1.4959979 0.32696372
7976.7095 3.6504698 3.4655538 1.5497749 0.3402852
7980.2856 3.9696574 4.0382814 1.2314668 0.33809158
7983.862 3.44107 3.482397 0.8312259 0.32113737
7987.438 3.553408 3.4515862 0.84069806 0.3245883
7991.0137 3.479624 3.3054802 1.1524974 0.32885405
7994.59 3.7520604 3.5683947 0.81640184 0.3296404
7998.166 3.4034512 3.2283986 1.2077036 0.3298621
8001.742 3.3405223 3.2259452 1.4074835 0.33033073
8005.3184 3.223374 3.223852 1.2151524 0.32140893
8008.894 3.4975445 3.3556151 1.3299474 0.3325018
8012.47 3.4287014 3.202959 1.4401877 0.3335134
8016.0464 3.632489 3.5764666 0.7845884 0.32312968
8019.6226 3.8703794 3.8602898 0.49332398 0.32247165
8023.1987 3.1804967 3.1330106 0.8364599 0.3138571
8026.775 3.4289687 3.4221258 0.95094556 0.32238272
8030.3506 4.0002246 4.0073004 0.8968114 0.3335053
8033.927 3.6589048 3.6066806 0.7334741 0.3235532
8037.503 3.617052 3.4873507 0.8158427 0.32657862
8041.079 3.6669471 3.5690112 0.6932022 0.322957
8044.6553 3.4779854 3.414861 0.6653916 0.31821245
8048.2314 3.3708186 3.2883706 0.9111709 0.32289758
8051.807 3.8946314 3.8854485 0.6362625 0.32580724
8055.3833 4.1744256 3.969801 0.46290928 0.33066672
8058.9595 3.3244557 3.2875671 0.61354053 0.31306136
8062.5356 3.466377 3.2976284 0.8326544 0.32374042
8066.112 3.5817823 3.4677103 0.719659 0.32083163
8069.6875 4.194825 4.0286765 0.55317616 0.33457935
8073.2637 2.9705296 2.8266704 1.0362421 0.31493047
8076.84 3.3224356 3.1328335 0.99382144 0.3230486
8080.416 4.126726 3.9998326 0.75261414 0.33493644
8083.992 3.6606169 3.7115707 1.0247806 0.329146
8087.5684 3.4296606 3.4927313 0.8036709 0.31841552
8091.144 3.454162 3.4690428 0.91196984 0.3225034
8094.72 3.4626627 3.5306053 0.51049733 0.31271195
8098.2964 3.7107575 3.630274 0.4080241 0.31841642
8101.8726 3.4804747 3.4017465 0.5671633 0.3167047
8105.4487 3.342623 3.3056118 0.6497938 0.31536436
8109.025 3.5015857 3.302723 0.57585245 0.31918672
8112.6006 3.4023185 3.3552744 0.53276587 0.31274423
8116.177 3.2321024 3.3786776 0.6690276 0.3100785
8119.753 3.4767697 3.3854077 0.56354094 0.31618923
8123.329 3.7795835 3.613068 0.5074434 0.32280964
8126.9053 3.5166464 3.4628923 0.6095297 0.31893578
8130.481 3.5012014 3.3650062 0.7320335 0.32096833
8134.057 3.4498305 3.3223588 0.7061144 0.31810066
8137.6333 3.3167012 3.218977 0.6755348 0.31436995
8141.2095 3.2610786 3.3985875 0.63128656 0.31134835
8144.7856 3.3236592 3.1679306 0.5399111 0.31284538
8148.362 3.1698668 3.088806 0.847448 0.3143911
8151.9375 3.2754438 3.506967 0.59096336 0.30914494
8155.5137 3.6852536 3.5726452 0.2847425 0.3152817
8159.09 3.1811287 3.0540426 0.9341819 0.31813535
8162.666 3.1363294 2.989131 0.8570224 0.31451765
8166.242 3.2137074 3.168353 0.607838 0.31167474
8169.8184 3.1376314 3.064056 0.745372 0.3117459
8173.394 3.0771544 3.0874918 0.73086935 0.3101207
8176.97 3.213069 3.1336346 0.73326564 0.31473824
8180.5464 2.736229 2.6883078 0.88990784 0.30521998
8184.1226 3.0768073 2.9753823 0.60323936 0.30741644
8187.6987 3.5657587 3.3893476 0.29754034 0.31436044
8191.2744 3.105414 2.959242 0.41538605 0.3056715
8194.851 2.9317641 2.7363248 0.6288002 0.30749366
8198.427 3.1449964 3.0108738 0.71516216 0.31448308
8202.003 3.3356588 3.3081925 0.67777497 0.31406453
8205.579 3.2181087 3.1588683 0.6167163 0.31080082
8209.155 3.0958903 2.944762 0.41449872 0.30538782
8212.731 2.9061277 3.0564985 0.48321748 0.29809248
8216.308 2.5093474 2.5843575 0.57956475 0.29195383
8219.884 3.4739063 3.333076 0.81328285 0.32295138
8223.459 2.8719826 2.6630332 0.729765 0.30861184
8227.035 2.8321364 2.718379 0.6374896 0.3034335
8230.611 3.090504 2.993016 0.74355036 0.31154117
8234.1875 3.2316008 3.1296885 0.5752198 0.31106547
8237.764 3.0251935 2.976297 0.5220102 0.30506262
8241.34 2.8396828 2.738656 0.57547957 0.30490077
8244.916 2.972308 2.8721323 0.68576705 0.30718923
8248.492 3.116671 2.9898422 0.6944553 0.31178084
8252.068 2.977975 2.8231993 0.6759548 0.30960888
8255.645 2.854244 2.6592765 0.93231815 0.31235537
8259.221 2.6445427 2.5268292 1.2234334 0.31176728
8262.796 2.6601412 2.4833806 1.3040365 0.3139973
8266.372 3.286199 3.0787694 1.3223056 0.32936385
8269.948 3.3423834 3.3213205 1.5685829 0.33194536
8273.524 2.9064279 2.7317135 1.7814226 0.3291718
8277.101 2.9952729 2.8198185 1.5173799 0.32567725
8280.677 2.7698507 2.7244744 1.3635163 0.31451482
8284.253 3.0235372 2.9592 1.097114 0.31694415
8287.829 2.7142072 2.6335104 1.2777916 0.31274512
8291.405 2.9291172 2.7139251 0.9897437 0.31353122
8294.981 2.5793111 2.3857086 0.7570857 0.30036497
8298.558 2.640169 2.6472328 0.9706166 0.30510598
8302.133 2.8092208 2.7530246 0.72289306 0.30431652
8305.709 3.060333 3.011579 0.5823455 0.30784547
8309.285 3.1111362 3.092631 0.6221741 0.31065387
8312.861 3.0035572 2.8902898 0.7803118 0.31409922
8316.4375 2.5870078 2.510296 0.8772735 0.30290124
8320.014 2.4400954 2.3163917 1.6163534 0.31462225
8323.59 2.7257762 2.6226504 2.0843866 0.33103955
8327.166 3.291814 3.304988 1.9078736 0.33806384
8330.742 3.258034 3.173551 2.21536 0.34377837
8334.318 2.9616303 2.8676705 2.186682 0.33608413
8337.895 3.237342 3.2385423 1.46695 0.3291119
8341.471 2.792596 2.7643905 1.2355957 0.31291872
8345.046 3.0329545 3.0490007 1.0534844 0.31419486
8348.622 2.993132 2.8974597 0.8273283 0.31093234
8352.198 3.0366156 2.9087434 0.75777566 0.31356472
8355.774 2.8098464 2.644423 0.7695527 0.3060058
8359.351 2.9452996 2.8006747 0.8714163 0.31244847
8362.927 2.691322 2.661321 0.8500994 0.3044358
8366.503 3.1898537 3.0730777 0.953351 0.3181819
8370.079 2.7865975 2.740129 0.7396148 0.30403933
8373.655 2.4853911 2.4601734 1.2204115 0.30847323
8377.231 2.310346 2.3741937 1.6950489 0.31274176
8380.808 2.282968 2.3331761 1.8230577 0.3121327
8384.383 2.5994225 2.5326452 1.7906322 0.31952024
8387.959 2.8936565 2.7865226 1.7081823 0.32641855
8391.535 3.3973732 3.2936954 1.3640964 0.33032063
8395.111 3.4688423 3.3786268 0.753287 0.3195513
8398.6875 3.182468 3.0600438 0.6705667 0.3132715
8402.264 3.3931963 3.2942138 0.82330614 0.3188697
8405.84 2.608926 2.476561 1.3429277 0.3121744
8409.416 3.0552032 2.9439542 2.024231 0.33682203
8412.992 2.6417518 2.5423794 1.8100142 0.32340726
8416.568 2.37515 2.1554008 1.576914 0.31446484
8420.145 2.3308697 2.1739054 1.7669061 0.3146634
8423.72 3.2060633 3.1273534 1.1647934 0.32262334
8427.296 2.7673688 2.7415538 0.70076144 0.302695
8430.872 2.3521152 2.2862356 0.92450994 0.29804587
8434.448 3.1341157 3.0734322 0.5029509 0.30796552
8438.024 2.6529822 2.72824 0.8468798 0.30295014
8441.601 2.370011 2.4117975 1.4686607 0.30875105
8445.177 2.7429354 2.6356366 1.4151525 0.31619
8448.753 2.8787568 2.8201985 1.3005948 0.31718814
8452.329 3.0100756 2.9609842 1.2936645 0.321271
8455.905 2.3599358 2.1916468 1.50255 0.31114343
8459.481 2.718146 2.6912484 1.0322844 0.30896428
8463.057 2.5682826 2.6284506 0.7680582 0.2983136
8466.633 2.7000892 2.5685003 0.6860559 0.3028585
8470.209 2.9302301 2.9157245 0.38126677 0.29882014
8473.785 2.4030116 2.3345044 0.7356435 0.2960754
8477.361 2.7742746 2.677656 0.53791815 0.30052376
8480.9375 2.9691365 2.835091 0.76788545 0.3100325
8484.514 2.657245 2.5141237 0.9608981 0.3065441
8488.09 3.0849051 2.9444113 1.0052348 0.31745762
8491.666 2.3773363 2.2653685 1.182053 0.30516964
8495.242 2.114512 1.9549378 1.2214059 0.29978842
8498.818 2.8730614 2.7111173 0.77555954 0.30799383
8502.395 2.8646011 2.767151 0.4794183 0.30204678
8505.97 2.6571236 2.6577923 0.8057302 0.30227295
8509.546 2.5367043 2.613673 0.8257219 0.29758057
8513.122 2.7904148 2.763234 0.398209 0.29588324
8516.698 3.1517172 3.2267036 0.503011 0.3062281
8520.274 2.6740317 2.4863575 0.7168383 0.3026793
8523.851 2.9998255 2.962726 0.43275985 0.30233687
8527.427 3.398843 3.3236904 0.6383561 0.31600365
8531.003 2.027069 2.0222683 1.012262 0.29203397
8534.579 2.8041234 2.7027369 0.77311313 0.3057912
8538.155 2.5730627 2.5032322 0.55549645 0.2947128
8541.731 2.8850868 2.7951276 0.62850696 0.30448377
8545.307 2.8413455 2.7369602 0.5428918 0.30132264
8548.883 2.2095041 2.166993 0.5555974 0.2850864
8552.459 2.4615567 2.4110243 0.65900534 0.29455295
8556.035 2.5197306 2.388991 0.57224447 0.29460254
8559.611 2.4198484 2.304905 0.58895856 0.29126373
8563.1875 2.5135062 2.4667518 0.7830138 0.29862997
8566.764 2.059391 1.8607433 0.8752263 0.2901994
8570.34 2.458397 2.2724142 0.7034606 0.29611397
8573.916 2.7094202 2.6781812 0.79869723 0.30193552
8577.492 2.408747 2.4632568 0.9506821 0.29669073
8581.068 2.8612945 2.7974508 0.6099828 0.3021937
8584.644 2.7873743 2.6773434 0.47430098 0.2976425
8588.22 2.9802783 3.0350206 0.37588182 0.3002665
8591.796 2.726229 2.7751603 0.6542945 0.29923385
8595.372 2.1220043 2.255494 0.69684076 0.28317443
8598.948 2.3902793 2.4023478 0.66334957 0.29266563
8602.524 2.6467004 2.5288403 0.7172778 0.3010141
8606.101 2.2803183 2.1942682 0.8898418 0.29534304
8609.677 2.387419 2.280527 1.329836 0.3088876
8613.253 2.6762948 2.6883225 1.417303 0.31322387
8616.829 2.359423 2.264506 1.5023773 0.3116254
8620.405 2.106679 1.9519942 1.9043463 0.31747708
8623.98 2.2707124 2.2407587 1.3813734 0.3050643
8627.557 2.810443 2.8166046 1.039014 0.30950975
8631.133 2.7506948 2.775548 0.88349277 0.3045288
8634.709 2.1276398 2.0929878 1.4469367 0.30203244
8638.285 2.1729295 2.0875976 1.3875606 0.30317888
8641.861 2.8994267 2.788375 1.092173 0.31433445
8645.4375 2.749377 2.6375883 1.2893004 0.31438273
8649.014 2.8274932 2.6529362 1.3782104 0.31905076
8652.59 2.9852118 2.8047628 1.2575582 0.31964958
8656.166 2.4917617 2.3815887 1.2529061 0.30810395
8659.742 2.186436 2.065423 1.3260825 0.30454803
8663.318 2.0741174 2.0381715 1.4115623 0.30015793
8666.894 2.3790963 2.4661913 1.1659365 0.29920676
8670.47 2.6862886 2.6106071 0.71227556 0.3004929
8674.046 2.8100388 2.7199824 0.6797355 0.30321255
8677.622 2.9943767 2.8612294 0.8041707 0.31007957
8681.198 2.7330165 2.759686 0.6569488 0.29916412
8684.774 2.6798806 2.6125448 0.41349208 0.29412958
8688.351 2.347697 2.3210087 0.51202744 0.28625956
8691.927 2.5646148 2.48883 0.7451127 0.29911023
8695.503 2.491491 2.4138947 0.7161178 0.2982559
8699.079 2.333441 2.308918 0.39366284 0.2852709
8702.655 2.406208 2.3258314 0.4293544 0.2874109
8706.23 2.2612054 2.1932018 0.527281 0.28641644
8709.807 2.2614274 2.1698163 0.40077063 0.28549248
8713.383 2.3976035 2.189882 0.5901586 0.2950966
8716.959 2.3819413 2.2497423 0.5447578 0.29118133
8720.535 2.4067242 2.2281399 0.6108588 0.29288504
8724.111 2.6805277 2.6338441 0.39378443 0.29371408
8727.6875 2.179654 2.2427225 0.49934602 0.28227213
8731.264 2.4147813 2.3037694 0.79433715 0.29622096
8734.84 2.4577756 2.417587 0.46666154 0.28937647
8738.416 2.0938451 2.0645037 0.7871372 0.28612897
8741.992 2.5738013 2.5801177 0.48594186 0.29259259
8745.567 2.6733046 2.634607 0.68715125 0.30095312
8749.144 2.2711737 2.21295 1.2504692 0.30182716
8752.72 2.221466 2.1554456 1.4754088 0.30511016
8756.296 2.2371259 2.2890835 1.7330573 0.31007183
8759.872 2.462801 2.6042464 1.7129982 0.31364036
8763.448 2.9289463 2.701412 1.853102 0.3323028
8767.024 2.9016047 2.7540355 1.8372073 0.3294875
8770.601 2.2615023 2.1739314 1.5617924 0.30747437
8774.177 1.6942385 1.5421399 1.7160304 0.29952955
8777.753 2.4031978 2.3076403 1.5929017 0.31169564
8781.329 2.235788 2.3709261 0.958874 0.29152113
8784.905 2.2042186 2.163625 1.0305995 0.29561058
8788.48 2.1573067 2.0938134 0.8212809 0.2903675
8792.057 2.1278415 2.1467273 0.5496224 0.2825053
8795.633 2.228945 2.2612822 0.15203282 0.27498335
8799.209 1.9821888 2.0112147 0.36945406 0.27349105
8802.785 1.9003356 1.896129 0.73267275 0.27989355
8806.361 2.1212971 2.122556 0.54745805 0.28123954
8809.9375 2.199976 2.1796496 0.74865764 0.2897355
8813.514 2.4742491 2.3482535 1.1987207 0.30680916
8817.09 2.1627808 2.1047163 2.2738323 0.3183969
8820.666 2.1712751 2.183711 2.1154816 0.3141729
8824.242 2.8784037 2.7766168 2.4573271 0.3393314
8827.817 2.7595084 2.8799765 2.868724 0.3404475
8831.394 2.9605656 2.7457905 1.9548906 0.33458543
8834.97 2.3126311 2.287671 1.2376454 0.3027676
8838.546 1.8397828 1.8662456 1.4997969 0.294877
8842.122 2.1655455 2.112325 1.1963176 0.29806247
8845.698 2.5402277 2.549094 0.54101956 0.2932399
8849.274 2.5568237 2.4286163 0.77303916 0.29940513
8852.851 2.1353116 2.0694137 0.89992446 0.29065394
8856.427 2.2571409 2.3227637 0.6554199 0.2876588
8860.003 2.7780871 2.6546264 0.890814 0.30699858
8863.579 2.010049 2.0677507 0.8408475 0.28425056
8867.154 2.0799823 1.9860978 1.0736282 0.29650602
8870.73 2.4785523 2.3856037 0.8216211 0.2983758
8874.307 1.9278411 1.9158874 1.3128146 0.2935482
8877.883 2.7356672 2.7631745 1.5831091 0.31729442
8881.459 1.613065 1.4622544 1.8769192 0.30201522
8885.035 2.381685 2.328409 1.6559998 0.31213483
8888.611 2.685701 2.5775893 1.4253647 0.3154844
8892.1875 1.9452833 1.8473749 1.1269547 0.29192406
8895.764 1.8751168 1.8446165 0.9037414 0.2831542
8899.34 1.9075328 1.8134102 0.95296675 0.28731385
8902.916 1.7577825 1.7192254 1.2216974 0.28895894
8906.491 2.0239496 2.0228074 1.2927452 0.2945121
8910.067 2.1237328 1.9509606 1.2775831 0.3002788
8913.644 1.7595537 1.6287891 1.8474759 0.30348498
8917.22 1.918058 2.0291028 1.6475322 0.30129668
8920.796 1.8023282 1.7922871 1.6823648 0.30159348
8924.372 2.3546636 2.2965658 1.6413667 0.31082317
8927.948 2.019894 2.0870457 0.71829545 0.28247878
8931.524 2.2598853 2.277702 0.46291012 0.28340173
8935.101 2.0602553 2.102573 0.884184 0.28679278
8938.677 1.43843 1.4328097 1.1990938 0.27774772
8942.253 1.6677374 1.7233506 1.008686 0.27922896
8945.829 2.1597672 2.193659 0.82193965 0.287901
8949.404 2.3316293 2.312284 1.3491883 0.30432862
8952.98 1.9667853 1.9564711 1.5361067 0.29898465
8956.557 1.920982 1.9880822 1.0899668 0.28687862
8960.133 2.3637562 2.4214475 1.3249503 0.30589488
8963.709 1.7915227 1.7086121 1.1929988 0.29087514
8967.285 1.7685766 2.045015 0.22005521 0.26176822
8970.861 1.8087056 1.7761295 0.4424233 0.27191645
8974.4375 1.8346963 1.7712905 0.567322 0.2742457
8978.014 2.0142558 1.8730677 0.640764 0.28338414
8981.59 1.8710799 1.7627294 0.96871865 0.2873961
8985.166 1.4409299 1.3656774 0.9259113 0.27418178
8988.741 1.4573752 1.5448023 0.75521743 0.26849
8992.317 1.9045373 1.9435453 0.97620755 0.28569576
8995.894 2.166062 2.001888 1.0529557 0.29669812
8999.47 1.9932708 1.8402913 0.79317224 0.28513432
9003.046 1.5467316 1.4016114 0.893429 0.2757523
9006.622 1.7510549 1.6305083 0.8487077 0.2812343
9010.198 2.1008778 2.1183517 0.48645955 0.27985305
9013.774 1.7593446 1.7091591 0.59960043 0.27361774
9017.351 1.7070096 1.5799929 0.69876736 0.27628115
9020.927 1.5495543 1.4678389 0.61022145 0.2686027
9024.503 1.5795221 1.4573205 0.44469047 0.2661831
9028.078 1.2387997 1.1316 0.8521662 0.26672307
9031.654 2.0129566 1.9939363 0.6714726 0.28161892
9035.23 1.9537337 1.986748 0.6022557 0.2788575
9038.807 1.8143901 1.7311702 0.7344439 0.2785579
9042.383 1.5808597 1.5799546 0.884751 0.2758037
9045.959 1.6587312 1.6261501 0.76982874 0.2754104
9049.535 1.5150456 1.6892843 0.5257914 0.2619175
9053.111 1.3675529 1.4807811 0.6532339 0.26088125
9056.6875 1.530475 1.4186372 0.6786029 0.27004716
9060.264 1.7970059 1.7460951 0.41526985 0.27065864
9063.84 1.6541831 1.6236432 0.41800275 0.2661552
9067.416 1.681681 1.5917773 0.53273696 0.27192008
9070.991 1.8754755 1.8512672 0.4869918 0.27535135
9074.567 1.5924014 1.5941079 0.54845846 0.26796386
9078.144 1.9133378 1.840721 0.6559043 0.28013644
9081.72 1.2573085 1.1583259 0.7330467 0.2638329
9085.296 1.385194 1.3527496 0.8070419 0.26881963
9088.872 1.3398393 1.5621338 0.6367093 0.26103538
9092.448 1.7184238 1.8195441 0.27093694 0.26207438
9096.024 2.0578482 2.0790498 0.35076812 0.2745391
9099.601 1.5438509 1.4929572 0.80163926 0.27296144
9103.177 1.501782 1.5144272 0.73873115 0.26994675
9106.753 1.6850908 1.64233 0.20512576 0.2623394
9110.328 1.5166597 1.4388658 0.4324998 0.26392037
9113.904 1.6953297 1.6689587 0.59117097 0.2710685
9117.48 1.2305982 1.2655587 0.62698805 0.257967
9121.057 1.1891332 1.1939543 0.39562392 0.2528134
9124.633 1.9259186 1.9237002 0.15249205 0.26761624
9128.209 1.7806467 1.8004396 0.3600691 0.2671329
9131.785 1.3570493 1.2660706 0.55325675 0.2614106
9135.361 1.4631737 1.3675722 0.50978464 0.26463383
9138.9375 1.5885378 1.6612142 0.24866502 0.25918913
9142.514 1.4271761 1.4889017 0.47250554 0.2599242
9146.09 1.3802955 1.289026 0.7507101 0.267455
9149.665 1.2172337 1.0927604 0.86314493 0.2656654
9153.241 0.89803386 0.826063 0.8052671 0.2539998
9156.817 1.6267229 1.7028381 0.35218942 0.26224214
9160.394 1.511097 1.502251 0.51013017 0.26419967
9163.97 1.5432781 1.5423442 0.5088232 0.26489517
9167.546 1.7257603 1.7123011 0.5458463 0.27037194
9171.122 1.6072078 1.4657565 0.356671 0.265576
9174.698 1.621905 1.596043 0.4724261 0.2659145
9178.274 1.9586228 1.8585862 0.4579669 0.276846
9181.851 1.6134194 1.5889447 0.59418744 0.26830688
9185.427 1.3095481 1.3544943 0.52983665 0.25749144
9189.002 1.2403134 1.1976079 0.712853 0.26228648
9192.578 1.3716584 1.3799063 0.5581252 0.2618217
9196.154 1.5148293 1.5853577 0.2855486 0.25817174
9199.73 1.3917935 1.4152542 0.42220452 0.25862622
9203.307 1.6538284 1.5752091 0.487278 0.2689617
9206.883 2.082905 2.012885 0.5379076 0.2810813
9210.459 1.8850392 1.8630726 0.42396203 0.27327046
9214.035 1.5651345 1.4429555 0.4175486 0.2664583
9217.611 1.4577867 1.4449525 0.56960785 0.26385254
9221.1875 1.4220339 1.4379071 0.31299436 0.25650215
9224.764 1.4792707 1.3954678 0.4920442 0.2631512
9228.34 1.4644734 1.537238 0.6129666 0.2642383
9231.915 1.7218821 1.6634496 0.3803303 0.26706845
9235.491 1.1643641 1.2976354 0.587714 0.2546521
9239.067 1.7535567 1.6977268 0.16281335 0.2632941
9242.644 1.2527869 1.315589 0.5957236 0.2579757
9246.22 1.7911053 1.7695948 0.31159776 0.2690499
9249.796 1.2591249 1.2272779 0.5636687 0.25868604
9253.372 1.8040292 1.9238411 0.070447125 0.25976396
9256.948 1.1188755 0.95934 0.6915917 0.25941882
9260.524 0.9608204 0.94771564 0.6481327 0.25047117
9264.101 1.2739631 1.1964059 0.5630352 0.2602614
9267.677 1.2044511 1.2492536 0.63151884 0.26234177
9271.252 1.1445543 1.3074079 0.3651809 0.2490312
9274.828 0.8639874 0.7349074 0.53684306 0.2470326
9278.404 1.3754189 1.4575601 0.34424 0.25498825
9281.98 1.591218 1.6916872 0.46307185 0.26475605
9285.557 1.3575742 1.2736373 0.7490385 0.26751146
9289.133 0.77751625 0.7221734 0.72295296 0.24833459
9292.709 1.3801788 1.411967 0.3731268 0.25577462
9296.285 1.1275154 1.048055 0.8083604 0.26063752
9299.861 1.1919831 1.0915115 1.2617179 0.27201283
9303.4375 1.2787132 1.285222 1.4986652 0.2786907
9307.014 1.1528983 1.1892343 1.5357392 0.2765669
9310.589 0.7641469 0.74921566 2.0012765 0.2765058
9314.165 0.90478325 0.8812376 1.9227707 0.27863622
9317.741 1.147247 1.1434134 1.1324297 0.26701948
9321.317 0.784084 0.86127305 1.0962338 0.25436592
9324.894 0.8654495 0.874665 1.1536671 0.2590151
9328.47 1.1323698 1.1740656 0.84381264 0.259014
9332.046 1.1226138 1.1895825 0.5805897 0.2530708
9335.622 0.99323225 0.8403386 0.7512738 0.25733358
9339.198 0.8820413 0.9095216 0.62983704 0.24698253
9342.774 1.0025558 1.174382 0.19870237 0.23771794
9346.351 1.0272633 1.0926958 0.28280637 0.24210976
9349.927 0.88945866 0.9523968 0.5215303 0.24487266
9353.502 1.3978822 1.5158346 0.3455657 0.25470772
9357.078 1.0648923 1.1059569 0.45560881 0.24804878
9360.654 0.64399666 0.47254786 1.4402919 0.2638703
9364.23 1.3701423 1.2378469 1.966807 0.29423147
9367.807 0.7873845 0.7738391 2.2143877 0.27932784
9371.383 0.43952054 0.43427065 2.1930637 0.26892173
9374.959 0.89322245 0.86883795 1.3279986 0.2640958
9378.535 0.9900294 0.9627063 0.7093654 0.25404546
9382.111 1.0616047 1.0194343 0.54551774 0.2510538
9385.6875 0.89983207 0.93236786 0.6661304 0.24907601
9389.264 1.1747215 1.1061097 0.86662763 0.26382583
9392.839 0.95047504 1.0673994 0.67639005 0.24992743
9396.415 0.91917104 1.0079347 0.7316212 0.25000963
9399.991 1.0986375 1.2297058 0.6821667 0.25329626
9403.567 0.8699007 1.0590755 0.6404342 0.24600789
9407.144 0.9066224 0.7392544 0.75149775 0.254269
9410.72 0.773443 0.8778539 0.80970675 0.24760304
9414.296 1.0130078 1.1189935 0.5338751 0.24791367
9417.872 0.77774006 0.7912203 0.60357165 0.24458885
9421.448 0.78964424 0.77478933 1.0371666 0.2547579
9425.024 0.9585439 0.9494932 1.342588 0.265481
9428.601 1.1970085 1.1407291 1.3286917 0.27440205
9432.176 0.83701515 0.81822217 1.1364892 0.25801295
9435.752 0.89790136 0.91792256 0.8874747 0.25636777
9439.328 0.8881496 0.81430614 0.8590834 0.25603038
9442.904 1.1687351 1.1642599 0.9288855 0.26208025
9446.48 1.0250891 0.99399537 0.6988217 0.25243285
9450.057 1.0191448 1.3200173 0.7362111 0.25030178
9453.633 1.0348935 1.1362904 0.83007455 0.25585985
9457.209 1.1449311 1.2515886 1.012713 0.26180938
9460.785 0.8592904 0.8623937 1.2167957 0.26131722
9464.361 0.90452415 0.897557 1.2608287 0.2626559
