3398.723 112.7533 105.22482 2.5847971 2.3252811
3402.2986 118.166954 111.29521 1.7627413 2.3684762
3405.8745 122.70545 115.221634 2.316071 2.4139068
3409.4502 125.53673 117.47435 2.645319 2.4393837
3413.026 129.1371 120.73825 2.418406 2.4673796
3416.6016 135.37025 126.53573 2.4187639 2.5227058
3420.1775 139.1989 130.49341 2.791253 2.5549576
3423.7532 140.58511 132.46608 2.6151657 2.5650113
3427.3289 141.5817 132.81592 1.701054 2.5646284
3430.9045 143.37883 133.58725 1.7902775 2.578469
3434.4805 148.95958 139.65707 3.120966 2.6372812
3438.0562 159.70122 150.4686 2.331894 2.7153633
3441.6318 155.48326 146.40231 2.971555 2.6900947
3445.2078 161.01262 151.49718 3.3330207 2.7345152
3448.7834 175.1653 164.7973 2.0490513 2.8298206
3452.3591 176.75536 166.39433 1.8179533 2.8404973
3455.9348 181.19644 171.13258 3.426304 2.8877928
3459.5107 190.69423 178.73413 1.328871 2.9344745
3463.0864 191.37315 179.81349 2.1616123 2.9470997
3466.662 195.33575 185.14198 3.2792716 2.9868636
3470.2378 205.16171 194.3326 2.3144362 3.047093
3473.8137 204.54414 192.9075 3.3391774 3.0507803
3477.3894 209.11708 197.27794 1.9887488 3.0707958
3480.965 224.06598 210.96115 1.4154669 3.1653512
3484.5408 225.64665 213.07529 2.6520388 3.1876457
3488.1167 226.09804 213.81654 3.0004032 3.1926577
3491.6924 233.69113 220.1452 1.8790381 3.2314007
3495.268 234.04741 220.70174 1.7997954 3.234177
3498.844 251.11578 236.85812 2.283317 3.3458655
3502.4197 250.72499 236.57442 2.189008 3.3431141
3505.9954 253.92062 238.66533 2.410522 3.3642287
3509.571 260.7085 244.55798 2.4465744 3.4070845
3513.147 260.39062 245.14621 2.5547576 3.4061496
3516.7227 263.3518 248.18042 3.6856525 3.4322941
3520.2983 269.33148 252.5676 3.917568 3.4707942
3523.874 280.3895 262.70782 3.0426667 3.529305
3527.45 291.67743 273.77325 1.9681363 3.587487
3531.0256 298.53134 280.00104 2.7355547 3.633439
3534.6013 304.89633 285.35855 3.257397 3.6743615
3538.177 313.27573 293.4295 2.523725 3.7162375
3541.753 319.61395 299.78644 2.6942315 3.7512846
3545.3286 327.51666 306.47165 1.9317439 3.789574
3548.9043 341.91272 320.803 2.2225785 3.8713486
3552.4802 341.75778 319.2125 1.7329127 3.8663995
3556.056 349.64035 328.1101 1.7189351 3.9091022
3559.6316 357.1125 335.93503 2.4196353 3.954384
3563.2073 362.14612 339.4852 2.888473 3.9829857
3566.7832 379.15427 356.6681 3.1443594 4.0745854
3570.359 383.0636 359.09283 2.8819232 4.0908184
3573.9346 390.32916 366.49567 2.883745 4.129074
3577.5103 398.26932 373.55606 3.5746055 4.1733055
3581.0862 411.01065 383.80795 3.159811 4.2323594
3584.6619 421.2001 392.76892 2.6391048 4.279247
3588.2375 435.54556 407.5014 2.5386467 4.3485665
3591.8132 445.59866 417.24466 2.7351582 4.3979254
3595.3892 447.55447 418.18585 3.3871787 4.4105897
3598.9648 463.97922 434.3714 3.4878612 4.4890375
3602.5405 466.95428 436.86963 3.1145525 4.5000634
3606.1162 462.3304 432.31824 3.51639 4.481296
3609.6921 485.496 453.80875 2.3748872 4.5804257
3613.2678 487.99307 456.73196 2.6857889 4.5948977
3616.8435 502.26724 469.913 2.8234863 4.659134
3620.4194 513.8487 480.64206 2.8325608 4.711358
3623.995 525.1252 492.07578 3.2935607 4.7631993
3627.5708 543.1037 507.91177 2.6576698 4.837331
3631.1465 536.01666 500.14975 2.1132264 4.8027673
3634.7224 555.5359 521.50006 2.7358077 4.891521
3638.298 567.7077 532.1948 2.3557155 4.9408517
3641.8738 573.3883 536.2568 2.193187 4.9632616
3645.4495 585.07355 547.60236 4.4778075 5.0251193
3649.0254 595.2706 557.17334 2.8528361 5.0579977
3652.601 605.29 565.4618 2.1731632 5.0955973
3656.1768 617.38824 577.42615 3.0833104 5.14993
3659.7524 630.03613 590.1679 2.56477 5.197344
3663.3284 634.58936 595.3261 1.917179 5.212754
3666.904 637.2203 598.4746 2.767632 5.2287846
3670.4797 654.53326 613.8362 3.4149082 5.300185
3674.0557 665.1218 623.8403 2.5146015 5.336775
3677.6313 655.8341 614.2696 2.3582492 5.299032
3681.207 668.2687 626.7354 3.185931 5.352201
3684.7827 680.36224 639.54974 4.3387613 5.406541
3688.3586 690.533 647.8445 2.467553 5.4348125
3691.9343 693.844 650.592 3.2845736 5.4517293
3695.51 720.3558 676.22736 3.5831666 5.5535374
3699.0857 740.10016 694.023 3.63041 5.62788
3702.6616 730.7675 687.257 4.7267303 5.5982327
3706.2373 744.67316 699.6094 2.9456484 5.6404552
3709.813 764.62555 717.3167 2.6448638 5.712582
3713.3887 777.6467 730.3151 4.335874 5.767629
3716.9646 791.5565 743.59503 2.8890634 5.8109393
3720.5403 793.6633 747.3538 2.232496 5.8160205
3724.116 810.03766 762.5854 4.1010637 5.8828626
3727.692 823.6531 773.7626 4.6339564 5.9328914
3731.2676 822.71234 774.42487 3.7646296 5.925361
3734.8433 856.6358 805.93396 2.227033 6.036608
3738.419 868.0137 817.4608 3.808977 6.083207
3741.9949 886.8604 836.2369 3.361005 6.1454782
3745.5706 906.99567 855.00946 3.4557052 6.2136555
3749.1462 891.7081 842.389 3.7374759 6.1639504
3752.722 901.8609 850.1871 3.250002 6.1953835
3756.2979 883.43384 832.5397 3.1100812 6.1321774
3759.8735 892.0101 842.7917 3.2953255 6.1625
3763.4492 919.452 868.30066 3.9388049 6.257379
3767.025 933.8885 882.67426 3.9240437 6.3057847
3770.6008 974.0147 920.2792 3.3397942 6.434211
3774.1765 996.6677 940.9007 3.966918 6.509603
3777.7522 1024.0117 968.22614 4.501792 6.5992785
3781.3281 1032.8171 973.9741 3.0095932 6.620405
3784.9038 1030.188 969.85767 2.5393114 6.609415
3788.4795 1044.9182 986.1798 4.1370034 6.663311
3792.0552 1049.5383 989.3877 4.4898124 6.679133
3795.631 1052.8491 991.1475 4.184862 6.687541
3799.2068 1038.9015 979.49915 3.012654 6.63925
3802.7825 1042.0884 981.7187 4.415932 6.655367
3806.3582 1041.8977 981.1521 4.07389 6.653315
3809.934 1043.7656 981.3863 3.5014863 6.656366
3813.5098 1077.3159 1011.16736 3.83729 6.761472
3817.0854 1125.4668 1059.317 3.6580386 6.9076777
3820.6611 1161.5028 1091.9233 3.317731 7.0143776
3824.237 1202.4984 1129.9324 3.4107969 7.135302
3827.8127 1196.3234 1126.7975 3.4452658 7.1180286
3831.3884 1226.3945 1154.6503 4.0002794 7.2072067
3834.964 1273.5363 1198.4556 3.898487 7.342915
3838.54 1283.3702 1206.0725 3.8063593 7.369629
3842.1157 1292.2753 1215.7045 3.457271 7.393641
3845.6914 1288.5518 1210.7336 3.5956767 7.3832974
3849.2673 1303.5216 1224.7037 2.8684716 7.4226074
3852.843 1323.0957 1244.8398 4.5287223 7.4837313
3856.4187 1323.7958 1243.7009 3.5834138 7.482078
3859.9944 1261.1787 1184.2128 3.3839102 7.303701
3863.5703 1240.5969 1164.703 5.0915747 7.251864
3867.146 1235.9429 1161.3013 4.6958833 7.236766
3870.7217 1222.0583 1147.8752 4.3234615 7.195517
3874.2974 1248.4998 1173.3381 4.400144 7.2720537
3877.8733 1285.1566 1205.9406 3.2653265 7.371971
3881.449 1355.271 1271.9292 3.3455184 7.567237
3885.0247 1386.1362 1302.0532 3.4110336 7.6527615
3888.6003 1449.1332 1361.0328 3.6649632 7.8227553
3892.1763 1497.6271 1410.2156 3.8771555 7.9526634
3895.752 1523.9407 1430.8704 4.1268015 8.021527
3899.3276 1550.8843 1457.7512 4.3546295 8.0918665
3902.9036 1543.4886 1450.9843 5.055518 8.0755
3906.4792 1552.0349 1457.1108 2.1101713 8.086792
3910.055 1581.3892 1484.999 4.7833147 8.171471
3913.6306 1593.007 1498.124 4.722331 8.200888
3917.2065 1620.9174 1523.1423 3.491485 8.267256
3920.7822 1622.8934 1526.3568 4.0714145 8.274294
3924.358 1622.7681 1528.1445 3.114043 8.270996
3927.9336 1646.8632 1550.7323 3.8013468 8.333698
3931.5095 1626.4203 1531.368 3.804274 8.282096
3935.0852 1668.7834 1571.2107 4.6035576 8.390723
3938.661 1676.4266 1576.9911 3.5204809 8.405957
3942.2366 1648.8395 1551.4277 4.1914086 8.339169
3945.8125 1647.7361 1553.3091 3.51902 8.334532
3949.3882 1630.2155 1536.3043 4.1028028 8.292457
3952.9639 1601.9924 1508.6848 4.4034905 8.222542
3956.5398 1542.952 1454.2188 3.8909414 8.069001
3960.1155 1446.1276 1361.1345 3.2823462 7.8130355
3963.6912 1411.0248 1328.7542 4.6953263 7.7234898
3967.2668 1428.362 1347.5614 4.193767 7.7691007
3970.8428 1511.046 1423.9846 3.827268 7.985927
3974.4185 1613.2411 1524.8899 3.232052 8.246982
3977.9941 1692.847 1599.6559 5.1299076 8.4519
3981.5698 1761.5232 1664.3478 3.576488 8.614172
3985.1458 1782.8345 1683.8284 2.8121831 8.66309
3988.7214 1797.5891 1698.4921 4.496422 8.703649
3992.297 1845.3379 1744.0696 3.7761164 8.815082
3995.8728 1879.2284 1775.3715 5.2882657 8.899348
3999.4487 1886.431 1784.3497 4.903946 8.915295
4003.0244 1930.1666 1825.7572 5.8476663 9.01981
4006.6 1945.6675 1841.3163 3.8417122 9.049256
4010.176 1918.7809 1816.1674 4.3085895 8.988319
4013.7517 1941.2623 1840.3118 4.8533893 9.042216
4017.3274 1955.2439 1850.977 4.234129 9.072579
4020.903 1972.4252 1869.9315 4.4251976 9.112276
4024.479 1954.4026 1853.5635 4.4065137 9.070657
4028.0547 1992.6147 1889.3738 4.6615386 9.158393
4031.6304 1983.3408 1882.2706 5.367327 9.140039
4035.206 2025.8812 1924.063 4.7679267 9.234574
4038.782 2010.639 1909.048 4.9265094 9.200742
4042.3577 2023.9419 1920.0706 4.5345373 9.229404
4045.9333 2049.966 1944.2855 4.8222165 9.288656
4049.509 2039.6469 1935.4679 6.0938454 9.269446
4053.085 2084.7266 1974.7761 3.834566 9.363517
4056.6606 2093.392 1982.7899 4.8758993 9.385738
4060.2363 2108.7485 2000.42 5.401103 9.421117
4063.812 2098.7505 1986.6995 3.9615042 9.394632
4067.388 2144.6702 2029.762 2.9583864 9.493275
4070.9636 2117.7993 2004.728 4.9697104 9.439411
4074.5393 2122.5205 2009.417 4.5179234 9.448689
4078.1152 2146.582 2031.9573 4.830468 9.502823
4081.691 2131.3713 2018.7979 5.460096 9.47146
4085.2666 2124.4055 2011.4938 5.781724 9.456703
4088.8423 2108.497 1994.4886 4.4701896 9.417695
4092.4182 2104.723 1993.6609 3.8506956 9.408058
4095.994 2054.1292 1942.069 3.0012112 9.292338
4099.57 1979.2318 1871.0498 3.9617457 9.125906
4103.1455 1866.1321 1763.017 5.2432256 8.867534
4106.721 1776.6718 1680.3181 5.359064 8.655109
4110.297 1776.7979 1677.8096 4.635485 8.652404
4113.8726 1849.0359 1749.1992 3.9490519 8.824086
4117.448 2030.0735 1917.9291 3.0221605 9.237563
4121.024 2107.3828 1991.8977 4.43658 9.415104
4124.6 2194.202 2074.4697 3.4463646 9.602389
4128.176 2228.2744 2107.1968 4.512578 9.678959
4131.7515 2268.0693 2143.9316 4.9059772 9.76572
4135.327 2273.0276 2149.4111 4.649139 9.775132
4138.903 2315.2988 2188.0706 4.9478874 9.865641
4142.4785 2306.2163 2179.3904 4.7698517 9.845886
4146.054 2326.8372 2201.2004 5.4023075 9.8913
4149.63 2353.4722 2226.737 3.9708526 9.943616
4153.206 2389.3496 2257.7737 4.0914364 10.018313
4156.7817 2383.2769 2251.9817 4.932656 10.007887
4160.3574 2400.1995 2267.7288 4.5921073 10.041794
4163.933 2439.7346 2305.0598 4.203354 10.122615
4167.509 2457.9878 2322.1716 5.1906943 10.162983
4171.0845 2465.4253 2332.7312 4.7055755 10.176898
4174.66 2457.5928 2325.7012 4.94351 10.161555
4178.236 2462.6375 2330.8127 4.861141 10.171673
4181.812 2485.9888 2353.2815 6.132675 10.222876
4185.3877 2512.7107 2377.6401 4.6974535 10.27324
4188.9634 2478.5046 2345.2195 3.3744264 10.200152
4192.539 2492.6206 2360.307 4.3711653 10.2317
4196.1147 2472.0442 2341.3625 5.303127 10.192093
4199.6904 2474.246 2343.9644 5.3026357 10.196628
4203.266 2465.7112 2336.1306 6.4189606 10.182059
4206.8423 2458.1438 2328.4617 5.202353 10.163056
4210.418 2428.8572 2301.6362 4.6912475 10.101588
4213.9937 2429.7256 2300.579 3.5605168 10.10005
4217.5693 2433.7717 2307.807 5.383435 10.113379
4221.145 2466.4546 2337.1055 5.3454823 10.180275
4224.7207 2446.1187 2318.2065 3.8959382 10.134669
4228.2964 2478.6868 2349.95 4.900411 10.204172
4231.872 2504.8813 2376.9773 6.0322084 10.260383
4235.448 2498.9907 2370.7456 4.4479294 10.244248
4239.024 2529.9558 2399.4521 5.2456837 10.308974
4242.5996 2548.538 2419.4153 4.383043 10.344506
4246.1753 2567.3472 2436.1353 4.2323904 10.381378
4249.751 2571.8728 2441.552 4.887485 10.39233
4253.3267 2593.007 2464.848 6.116348 10.438128
4256.9023 2629.8906 2500.0278 3.2778172 10.504305
4260.4785 2616.2505 2485.424 4.2041492 10.47912
4264.054 2611.5583 2483.063 5.423449 10.472703
4267.63 2640.9275 2510.7378 3.9998624 10.527851
4271.2056 2683.342 2555.4988 5.5166154 10.615413
4274.7812 2667.8003 2538.3628 6.1099195 10.585571
4278.357 2684.2083 2555.068 4.870662 10.615052
4281.9326 2701.371 2572.717 4.5405784 10.647949
4285.5083 2725.6597 2598.7073 4.4078383 10.695103
4289.0845 2699.7974 2575.8376 6.2077823 10.648887
4292.66 2709.477 2583.8022 5.7001076 10.666515
4296.236 2714.064 2589.2183 5.0776105 10.673853
4299.8115 2703.2288 2577.5317 4.4459815 10.651143
4303.387 2674.645 2552.634 4.5530086 10.595201
4306.963 2698.55 2576.2473 4.558198 10.642018
4310.5386 2701.7178 2577.728 3.6341574 10.646048
4314.1147 2687.8606 2567.4485 6.3013163 10.625659
4317.6904 2700.708 2581.227 4.8923874 10.647352
4321.266 2733.7275 2614.1555 5.3303785 10.713081
4324.842 2723.0173 2602.759 4.2267 10.689136
4328.4175 2697.5234 2579.765 4.412086 10.639804
4331.993 2697.0388 2577.5728 4.4951634 10.63899
4335.569 2657.1946 2537.9504 6.028415 10.56447
4339.1445 2570.667 2455.1018 5.5385113 10.390961
4342.7207 2472.9766 2358.9624 4.6299367 10.190893
4346.2964 2277.8943 2175.9805 5.693695 9.786482
4349.872 2113.1187 2016.7208 3.799743 9.424356
4353.4478 2105.0657 2008.2811 5.305355 9.410673
4357.0234 2231.7495 2130.2444 5.5004406 9.687201
4360.599 2405.476 2294.9028 6.1375084 10.055833
4364.175 2526.4094 2409.3508 4.9211144 10.300296
4367.751 2625.148 2504.8528 5.832211 10.500356
4371.3267 2652.0378 2526.8284 5.3990693 10.552353
4374.9023 2707.7498 2579.6304 5.0445023 10.660751
4378.478 2729.3606 2603.4998 4.137608 10.700874
4382.0537 2751.6565 2623.1028 5.389483 10.747302
4385.6294 2758.4067 2629.7 5.1069765 10.759766
4389.205 2802.0754 2672.081 3.816274 10.840905
4392.781 2784.7668 2653.6504 4.701865 10.809421
4396.357 2791.335 2660.491 5.039897 10.823009
4399.9326 2818.3816 2687.7432 5.935588 10.877219
4403.5083 2795.8882 2663.3896 6.085576 10.834203
4407.084 2796.3416 2664.8508 6.1886516 10.835376
4410.6597 2793.8508 2661.7314 5.9259305 10.829846
4414.2354 2833.8362 2699.2815 5.343546 10.905473
4417.811 2839.5654 2706.4985 5.4134583 10.916334
4421.387 2860.6982 2721.9438 5.1194034 10.95588
4424.963 2819.7236 2685.438 4.915284 10.877038
4428.5386 2830.1682 2696.7551 6.8256245 10.901558
4432.1143 2822.631 2689.0425 5.679845 10.884339
4435.69 2810.8643 2677.265 4.5511656 10.859159
4439.2656 2836.4873 2702.9211 7.194025 10.914432
4442.8413 2849.3118 2713.5764 5.4740367 10.934629
4446.417 2847.096 2712.8362 6.0527883 10.932012
4449.993 2849.0862 2715.7407 4.406216 10.931657
4453.569 2874.515 2735.4688 5.677337 10.983227
4457.1445 2862.6775 2727.7627 6.426224 10.962183
4460.72 2875.838 2740.5183 4.5579486 10.982806
4464.296 2858.6633 2723.9558 4.1760635 10.9493685
4467.8716 2851.8157 2717.829 5.4312544 10.93918
4471.4473 2856.2107 2723.5088 6.386038 10.949775
4475.0234 2854.7559 2723.0125 5.3089595 10.944968
4478.599 2801.224 2671.8171 4.6280932 10.840763
4482.175 2773.6294 2644.537 6.0433474 10.790813
4485.7505 2794.835 2662.3901 5.8305216 10.830932
4489.326 2839.7527 2708.5537 6.338267 10.918403
4492.902 2846.956 2714.6777 5.689824 10.930301
4496.4775 2874.5247 2741.675 4.577066 10.980431
4500.053 2863.1926 2732.228 5.51096 10.960991
4503.6294 2859.9216 2729.1772 5.8424664 10.955549
4507.205 2864.2163 2733.382 3.995967 10.959229
4510.781 2854.196 2724.3208 6.690037 10.946477
4514.3564 2852.5051 2721.8574 3.9923337 10.936808
4517.932 2889.3752 2757.9148 5.593753 11.010708
4521.508 2882.209 2752.0156 5.715259 10.997362
4525.0835 2904.944 2775.5144 6.1720657 11.041669
4528.6597 2921.2417 2791.671 5.871553 11.071537
4532.2354 2911.17 2781.9028 6.041263 11.052897
4535.811 2928.244 2798.1458 5.772927 11.08427
4539.3867 2911.4368 2779.5234 4.5514984 11.049937
4542.9624 2910.7444 2784.682 6.1566753 11.05219
4546.538 2876.9246 2751.6624 4.827833 10.98528
4550.114 2866.6614 2740.7883 6.160711 10.968728
4553.6895 2870.4219 2746.226 5.573821 10.974572
4557.2656 2878.9348 2754.9392 5.772246 10.990976
4560.8413 2898.2158 2771.0977 7.182816 11.030785
4564.417 2941.0066 2814.9475 5.084726 11.106548
4567.9927 2955.0178 2829.3103 5.992207 11.134674
4571.5684 2957.2617 2833.3193 4.4991937 11.135839
4575.144 2950.5889 2826.6052 6.30441 11.127132
4578.7197 2934.1738 2812.5164 6.4410324 11.096746
4582.296 2946.8728 2825.2341 5.7084827 11.119116
4585.8716 2943.5361 2823.4294 5.246514 11.111825
4589.4473 2945.5754 2825.57 5.8392735 11.116793
4593.023 2956.5251 2835.5337 6.3354278 11.138371
4596.5986 2933.343 2817.2078 6.7886496 11.0961
4600.1743 2949.681 2832.5017 5.6605754 11.12391
4603.75 2937.873 2822.421 4.923056 11.099996
4607.3257 2936.0415 2821.2085 6.764359 11.100736
4610.902 2935.5344 2820.9504 5.37292 11.096861
4614.4775 2896.881 2784.0764 5.6357665 11.024349
4618.053 2924.9602 2812.414 5.0676103 11.075961
4621.629 2902.6619 2792.7502 5.0004034 11.033957
4625.2046 2918.2773 2808.7698 4.2637024 11.061788
4628.7803 2904.401 2797.6343 6.231979 11.039954
4632.356 2918.0386 2809.233 6.3792973 11.065968
4635.9316 2907.1458 2799.9824 5.410362 11.043289
4639.508 2921.2937 2810.4216 5.377537 11.069879
4643.0835 2914.2314 2803.5068 5.577267 11.056985
4646.659 2933.1462 2824.3098 4.639802 11.090472
4650.235 2959.2144 2848.8655 4.7129884 11.1394615
4653.8105 2943.8486 2832.4546 6.459837 11.114741
4657.386 2989.697 2876.751 6.59817 11.200669
4660.962 2975.0193 2861.7678 5.1325006 11.169981
4664.538 2973.5256 2861.9038 6.267006 11.169539
4668.114 2964.1147 2849.6008 4.939679 11.148661
4671.6895 2990.8157 2877.352 5.656049 11.200618
4675.265 2963.6409 2847.3691 5.531207 11.1494255
4678.841 2987.8147 2871.9731 4.7063727 11.192741
4682.4165 2897.4565 2784.2744 5.8194404 11.02557
4685.992 2755.3276 2649.5823 5.5194 10.753348
4689.568 2653.8486 2549.1404 6.610427 10.556814
4693.144 2703.1648 2597.923 5.6306653 10.651713
4696.7197 2840.647 2730.1445 5.235356 10.916733
4700.2954 2917.574 2804.7332 5.0399995 11.06192
4703.871 2965.2083 2847.1792 3.8159475 11.148341
4707.447 2964.0603 2847.12 4.023055 11.146819
4711.0225 2968.7087 2851.9746 4.639453 11.15673
4714.598 2964.7893 2846.1543 6.7243037 11.154241
4718.1743 2987.2695 2868.6116 5.7885776 11.194191
4721.75 2971.2556 2853.702 5.0706816 11.1626215
4725.3257 2958.5535 2837.6792 5.6771526 11.140169
4728.9014 2986.566 2865.9856 4.8604136 11.190448
4732.477 2963.3896 2845.763 6.346821 11.150661
4736.0527 2948.052 2831.0737 5.7575765 11.120445
4739.6284 2945.3276 2826.1277 4.9870157 11.113696
4743.204 2938.8396 2820.8206 5.4444003 11.102731
4746.7803 2933.8276 2815.6772 4.623329 11.091196
4750.356 2932.5999 2815.0598 5.3799024 11.090717
4753.9316 2943.4768 2824.842 3.935439 11.10776
4757.5073 2936.1082 2818.107 5.593281 11.097837
4761.083 2899.6094 2784.752 5.2452216 11.028112
4764.6587 2901.5835 2784.6382 5.0299063 11.031204
4768.2344 2918.748 2801.3367 5.2546816 11.064337
4771.8105 2906.7756 2790.2944 6.077352 11.043535
4775.386 2903.9421 2786.8064 5.62895 11.037051
4778.962 2902.3025 2784.8828 5.2470245 11.033042
4782.5376 2892.965 2776.9253 5.02671 11.015199
4786.1133 2931.703 2814.6736 5.188944 11.088239
4789.689 2893.599 2778.3376 5.5800915 11.017443
4793.2646 2895.987 2780.0159 5.137729 11.021052
4796.8403 2913.7915 2799.6348 4.267138 11.052839
4800.4165 2911.4607 2795.2275 4.393156 11.048435
4803.992 2893.717 2778.0242 5.1054454 11.016543
4807.568 2893.399 2777.786 5.530114 11.016881
4811.1436 2901.9692 2786.4255 5.5911155 11.033124
4814.719 2905.7622 2789.8608 5.8434424 11.041095
4818.295 2878.43 2763.5994 5.2708344 10.987778
4821.8706 2882.9128 2769.1448 5.5064845 10.9968405
4825.447 2883.4683 2768.4846 5.6421585 10.99832
4829.0225 2869.2249 2756.8018 6.439112 10.9731245
4832.598 2855.2234 2744.2869 7.095798 10.947661
4836.174 2841.38 2729.6704 6.020511 10.919201
4839.7495 2798.423 2688.377 5.190903 10.834834
4843.325 2786.6626 2678.4187 5.1287203 10.81216
4846.901 2725.2485 2618.4207 5.106121 10.693086
4850.4766 2631.4495 2529.2812 4.9094305 10.50827
4854.0527 2507.6577 2410.9438 5.3430443 10.26158
4857.6284 2293.2688 2204.7654 6.350866 9.817759
4861.204 2187.7424 2103.42 6.204027 9.59131
4864.78 2249.9077 2162.9763 5.786791 9.724354
4868.3555 2408.9321 2319.0198 6.058347 10.059977
4871.931 2576.0164 2477.319 4.8353543 10.397728
4875.507 2675.537 2574.392 4.8929715 10.595224
4879.083 2738.0715 2633.5596 5.663132 10.719298
4882.6587 2748.4097 2644.4297 6.1234713 10.740332
4886.2344 2779.545 2674.8923 6.055533 10.800251
4889.81 2783.4263 2678.763 6.5032697 10.808852
4893.3857 2798.856 2693.504 5.7806835 10.83685
4896.9614 2798.6875 2693.327 5.142089 10.835206
4900.537 2830.7812 2725.1394 5.9873304 10.898492
4904.113 2798.6729 2694.165 5.262343 10.835244
4907.689 2815.553 2710.7754 4.809301 10.866982
4911.2646 2824.3044 2719.8552 5.3077917 10.884476
4914.8403 2822.56 2719.4707 4.6301465 10.879847
4918.416 2794.6047 2692.3103 5.0823045 10.827137
4921.9917 2812.2664 2707.6873 5.1362357 10.861195
4925.5674 2811.4507 2710.1094 4.745873 10.858689
4929.143 2829.57 2728.0361 4.4342318 10.892783
4932.719 2812.3984 2712.3958 4.087446 10.859007
4936.295 2819.3364 2718.645 4.6626167 10.873768
4939.8706 2802.694 2702.932 5.6062574 10.843729
4943.4463 2809.1985 2710.5215 5.6427083 10.856378
4947.022 2811.6826 2714.4546 4.262897 10.858054
4950.5977 2803.322 2707.7034 6.1085773 10.845976
4954.1733 2804.115 2706.7605 5.651368 10.846575
4957.749 2810.0383 2713.224 6.732413 10.860589
4961.325 2791.5203 2694.6147 4.9713626 10.820813
4964.901 2802.2085 2706.5142 3.533916 10.838108
4968.4766 2813.8865 2719.0376 5.994514 10.866099
4972.0522 2803.1814 2708.2434 5.281266 10.843888
4975.628 2775.5093 2681.08 3.7193289 10.787103
4979.2036 2793.5908 2700.7795 5.2787876 10.825557
4982.7793 2749.9016 2656.55 4.1221533 10.738204
4986.3555 2769.6501 2680.5032 6.14219 10.781365
4989.931 2771.1128 2680.2036 5.6057057 10.782823
4993.507 2756.743 2667.7385 6.090883 10.756004
4997.0825 2790.3132 2702.3347 4.699231 10.817833
5000.658 2765.6047 2678.014 5.2059174 10.77125
5004.234 2758.279 2669.6191 5.265654 10.757025
5007.8096 2762.0767 2674.3518 5.217122 10.764393
5011.3853 2736.3396 2650.724 5.072231 10.71418
5014.9614 2726.2476 2642.1768 5.921356 10.696467
5018.537 2747.6047 2662.884 5.44147 10.737276
5022.113 2710.7036 2626.608 6.5260844 10.6678095
5025.6885 2754.616 2669.5132 5.9189644 10.751496
5029.264 2736.5232 2653.935 5.901418 10.7163315
5032.84 2727.5977 2646.1877 4.5935373 10.696152
5036.4155 2716.2048 2632.5996 4.598616 10.673598
5039.9917 2710.3145 2628.1926 4.934329 10.663025
5043.5674 2725.706 2642.9856 4.391082 10.691857
5047.143 2721.3452 2639.7876 5.3766065 10.685769
5050.7188 2710.6633 2629.3264 4.8698993 10.663508
5054.2944 2705.115 2621.3596 7.1261773 10.657952
5057.87 2741.4084 2655.4856 5.8061943 10.72566
5061.446 2718.6077 2633.5684 5.059695 10.679472
5065.0215 2715.3462 2629.2507 4.705868 10.67243
5068.5977 2689.655 2605.0188 5.6616516 10.62426
5072.1733 2704.7236 2619.6174 5.5631776 10.653651
5075.749 2703.502 2617.8052 4.896245 10.649579
5079.3247 2690.7957 2606.1377 4.9630303 10.624877
5082.9004 2684.6096 2599.589 5.537268 10.61392
5086.476 2705.4917 2617.8184 5.212337 10.654121
5090.052 2683.082 2595.7644 4.8382206 10.609461
5093.6274 2673.9697 2589.0793 5.3320627 10.592494
5097.2036 2665.6445 2576.1492 5.1128573 10.575789
5100.7793 2670.9668 2585.6765 5.9273467 10.587975
5104.355 2672.5703 2585.5273 6.035153 10.591618
5107.9307 2685.4202 2598.9307 5.270612 10.615236
5111.5063 2658.623 2574.0886 5.5335455 10.563003
5115.082 2666.1958 2578.8198 4.523598 10.575471
5118.6577 2642.2056 2557.6616 6.657771 10.5330105
5122.234 2665.829 2578.5728 7.128059 10.580725
5125.8096 2663.7756 2575.284 5.212244 10.572256
5129.3853 2676.4087 2588.8474 5.8500977 10.598543
5132.961 2656.2822 2568.7024 5.528958 10.55804
5136.5366 2639.5947 2553.1377 5.295146 10.524707
5140.1123 2625.5066 2540.2568 5.682011 10.497521
5143.688 2659.2698 2569.7466 4.3612704 10.561268
5147.2637 2658.1628 2569.262 7.142186 10.565683
5150.84 2645.2676 2557.2212 5.483456 10.536241
5154.4155 2625.8547 2538.0847 6.343894 10.499924
5157.991 2615.757 2529.9478 4.755315 10.47612
5161.567 2630.3276 2542.124 5.3243666 10.506319
5165.1426 2642.3894 2553.9258 3.284922 10.5257225
5168.7183 2629.0051 2539.9465 4.9160476 10.502892
5172.294 2620.936 2532.8481 4.606 10.486187
5175.87 2629.1885 2541.7112 4.6436515 10.502749
5179.446 2608.961 2520.5989 4.132647 10.461058
5183.0215 2612.2305 2524.8875 4.4234924 10.468055
5186.597 2578.331 2494.167 4.5567775 10.400938
5190.173 2610.1897 2522.142 5.4448066 10.466764
5193.7485 2603.5676 2515.0825 5.0300245 10.452636
5197.324 2598.2983 2509.6675 4.2819676 10.440267
5200.9 2589.6562 2501.5498 5.7489996 10.426563
5204.476 2576.9558 2489.8813 6.0313215 10.401705
5208.052 2568.4565 2482.7266 6.385235 10.385282
5211.6274 2575.1213 2487.5754 5.293021 10.396219
5215.203 2563.9917 2476.4917 4.861371 10.373092
5218.779 2599.5312 2510.9868 4.625939 10.443249
5222.3545 2583.0679 2494.3887 5.2170167 10.411773
5225.93 2564.2024 2479.1494 5.4618597 10.374704
5229.5063 2555.2837 2468.3699 4.189894 10.353716
5233.082 2570.2097 2483.5483 6.0282106 10.387956
5236.6577 2567.6033 2481.1736 4.832742 10.38002
5240.2334 2562.1018 2475.6501 5.8350925 10.371331
5243.809 2555.2378 2470.6633 4.650643 10.3546
5247.385 2529.1187 2445.6082 6.4294205 10.305935
5250.9604 2517.583 2431.8577 5.450092 10.280313
5254.536 2544.2534 2458.1616 4.328608 10.331995
5258.1123 2535.044 2449.5427 4.8520865 10.314698
5261.688 2508.6682 2423.8457 3.5673614 10.257906
5265.2637 2511.723 2426.7827 4.5660934 10.266609
5268.8394 2528.398 2443.7976 4.369956 10.299897
5272.415 2522.2705 2438.6243 5.782101 10.290663
5275.9907 2522.3418 2438.0657 4.0060925 10.286905
5279.5664 2505.991 2422.4216 4.940811 10.255724
5283.1426 2519.2935 2434.743 4.941883 10.28259
5286.7183 2515.1995 2430.8525 4.8468018 10.274222
5290.294 2491.1777 2408.5796 4.63886 10.2249155
5293.8696 2504.9678 2421.4827 4.443861 10.252549
5297.4453 2503.2903 2420.6597 5.007536 10.250614
5301.021 2494.3174 2411.3691 3.131946 10.227981
5304.5967 2492.9392 2409.753 5.709658 10.231005
5308.1724 2469.5872 2388.3577 5.7622976 10.18353
5311.7485 2469.2014 2388.0635 4.4875703 10.179489
5315.324 2472.3188 2389.8645 5.0567665 10.187568
5318.9 2487.724 2404.4214 4.400069 10.217502
5322.4756 2470.0417 2389.4517 4.807912 10.182231
5326.0513 2476.5796 2395.9062 4.731347 10.19554
5329.627 2450.3213 2372.3608 5.163989 10.142717
5333.2026 2469.0652 2388.7234 4.6886864 10.18007
5336.779 2451.2463 2371.4417 4.0651193 10.141691
5340.3545 2447.886 2367.496 4.991854 10.137269
5343.93 2445.2656 2366.7686 4.1618657 10.129799
5347.506 2456.9902 2377.106 3.896492 10.153291
5351.0815 2463.3066 2384.1511 5.310003 10.169694
5354.657 2437.7847 2361.1226 5.8579826 10.118662
5358.233 2440.8809 2362.4456 5.0281563 10.122892
5361.8086 2433.3862 2355.4575 4.754425 10.106737
5365.385 2423.6475 2345.759 4.860515 10.086873
5368.9604 2432.4111 2354.9622 4.0080113 10.103156
5372.536 2433.9573 2355.85 4.052581 10.106542
5376.112 2422.425 2344.263 4.671748 10.084016
5379.6875 2420.6294 2343.1677 4.946039 10.080943
5383.263 2414.2712 2337.7102 5.2637696 10.068734
5386.839 2400.6724 2325.8982 5.1461067 10.039975
5390.415 2376.401 2303.8867 5.2254477 9.9897785
5393.9907 2396.6997 2321.8413 5.299893 10.032379
5397.5664 2378.2173 2303.4578 4.709029 9.992416
5401.142 2318.187 2245.664 4.9517283 9.866968
5404.718 2260.2588 2190.533 6.0004725 9.746519
5408.2935 2239.896 2169.9604 4.7570124 9.699698
5411.869 2258.318 2187.8123 5.405307 9.740803
5415.445 2324.8682 2253.5366 4.872486 9.880765
5419.021 2346.811 2274.6482 4.7276573 9.926701
5422.5967 2350.4146 2278.2476 4.442141 9.933501
5426.1724 2350.6897 2279.976 5.6722827 9.936972
5429.748 2361.8638 2293.8071 3.1236737 9.954306
5433.3237 2368.0308 2297.499 5.167133 9.972246
5436.8994 2361.435 2290.7632 5.1519175 9.958221
5440.475 2355.503 2285.84 3.95215 9.943192
5444.0513 2343.0867 2273.736 4.2450705 9.917473
5447.627 2316.225 2244.8762 5.5086374 9.864609
5451.2026 2371.5225 2301.5159 3.541406 9.975613
5454.7783 2335.446 2267.7017 4.131558 9.901331
5458.354 2338.6067 2271.5151 4.876295 9.909981
5461.9297 2296.1995 2230.337 5.251324 9.821216
5465.5054 2328.938 2261.7583 5.347213 9.89058
5469.081 2306.4666 2243.4126 3.9089518 9.8394165
5472.657 2339.6558 2271.4253 4.970624 9.912449
5476.233 2338.817 2271.21 4.4855175 9.909477
5479.8086 2310.4985 2244.4387 4.6299653 9.849916
5483.3843 2299.3901 2234.0962 4.7613597 9.82705
5486.96 2314.5361 2250.8762 4.034347 9.857008
5490.5356 2303.0588 2236.3843 3.4002411 9.831315
5494.1113 2297.3955 2235.5327 5.5906477 9.82454
5497.6875 2298.801 2237.2097 5.489598 9.827326
5501.263 2308.4434 2243.137 4.6651063 9.845703
5504.839 2311.939 2248.7324 5.392481 9.855049
5508.4146 2275.6467 2215.0564 4.677722 9.776226
5511.99 2273.132 2210.5806 4.501676 9.770329
5515.566 2278.1594 2215.0562 4.2596626 9.780333
5519.1416 2285.3933 2223.4866 4.375963 9.796099
5522.7173 2260.9822 2199.18 4.8816066 9.745377
5526.2935 2267.2634 2206.1992 4.6173267 9.75827
5529.869 2280.1223 2221.7834 4.522401 9.785586
5533.445 2270.34 2210.7588 4.9342937 9.765639
5537.0205 2251.9287 2193.951 4.745993 9.725787
5540.596 2245.4995 2187.339 4.6168814 9.711684
5544.172 2254.9321 2195.4058 3.5733724 9.729392
5547.7476 2239.917 2183.407 3.0453455 9.695991
5551.323 2243.6929 2183.5623 4.0018725 9.70621
5554.8994 2227.4211 2169.9038 4.355994 9.671874
5558.475 2235.9988 2178.338 5.0750694 9.692235
5562.051 2245.74 2185.8606 5.7334433 9.715143
5565.6265 2251.525 2191.8384 6.317424 9.728635
5569.202 2249.2625 2190.8674 8.00192 9.727849
5572.778 2224.5195 2166.0422 10.266288 9.680502
5576.3535 2229.8447 2171.9358 10.034245 9.691271
5579.9297 2215.0344 2157.3635 9.647429 9.6586485
5583.5054 2197.058 2141.3071 7.592263 9.614729
5587.081 2198.1743 2144.464 4.431639 9.609069
5590.6567 2218.052 2162.1028 4.181931 9.651624
5594.2324 2175.9475 2117.3386 4.4556675 9.560863
5597.808 2203.0793 2143.33 4.572052 9.619988
5601.384 2192.9207 2136.713 4.848103 9.599018
5604.9595 2178.3079 2120.4663 5.145318 9.56794
5608.5356 2181.3293 2120.5623 2.9509454 9.568804
5612.1113 2174.665 2118.3445 5.0720897 9.559785
5615.687 2156.0635 2095.6428 3.75068 9.51589
5619.2627 2145.0598 2083.8809 4.4448967 9.493137
5622.8384 2156.438 2096.9805 5.496734 9.521603
5626.414 2166.8066 2106.5627 4.8839493 9.542347
5629.9897 2152.0112 2092.7666 4.330692 9.508281
5633.566 2150.8176 2091.9111 3.8516395 9.504576
5637.1416 2125.8845 2065.6606 4.798324 9.452025
5640.7173 2139.3787 2079.4712 5.058706 9.482616
5644.293 2125.0002 2064.0022 5.3926883 9.451654
5647.8687 2137.5347 2076.253 3.638876 9.474632
5651.4443 2118.0308 2057.0864 4.2671056 9.433479
5655.02 2092.4692 2034.4855 4.3487306 9.377041
5658.5957 2108.1028 2048.4146 4.2160673 9.411552
5662.172 2120.1519 2058.2659 4.6098123 9.439034
5665.7476 2123.1868 2061.723 3.5883622 9.443028
5669.323 2112.4255 2052.6187 4.5198336 9.42152
5672.899 2093.2212 2032.1256 2.607253 9.373945
5676.4746 2104.788 2043.9362 3.8901772 9.4032
5680.0503 2057.2407 1995.9663 3.1397765 9.295417
5683.626 2056.674 1998.6455 4.2460947 9.296849
5687.202 2058.1597 1997.8556 4.7834153 9.301852
5690.778 2063.1807 2003.2776 4.7307353 9.312859
5694.3535 2079.5315 2019.7866 4.6036906 9.349211
5697.929 2053.249 1993.9813 4.1392474 9.289154
5701.505 2067.0383 2007.518 4.1304207 9.319885
5705.0806 2052.1997 1992.5509 3.3281984 9.284516
5708.6562 2067.5737 2005.4692 4.0848703 9.321245
5712.232 2045.6425 1983.559 4.4177394 9.272628
5715.808 2044.4512 1982.352 3.4561107 9.267434
5719.384 2052.0652 1991.305 4.4874883 9.287318
5722.9595 2024.5676 1964.1527 5.132637 9.227594
5726.535 2024.6265 1963.8739 4.694961 9.22629
5730.111 2015.5548 1954.8906 5.2548513 9.207299
5733.6865 2023.2266 1961.1786 4.0857325 9.221693
5737.262 2009.1234 1947.4109 4.333312 9.190046
5740.8384 2019.2109 1958.3531 4.547316 9.213687
5744.414 2007.837 1946.6399 2.9032896 9.183472
5747.9897 2000.1649 1938.6016 4.8928056 9.171466
5751.5654 1998.1742 1938.7275 4.477472 9.165926
5755.141 1998.2073 1938.3905 4.174858 9.165178
5758.717 1991.3938 1929.2942 3.7696335 9.148557
5762.2925 1994.4469 1934.4374 4.157893 9.156552
5765.868 1971.5817 1911.0139 3.703819 9.103088
5769.4443 1985.636 1926.0948 4.429733 9.137208
5773.02 1980.2955 1920.3577 3.6991177 9.123007
5776.5957 1959.9701 1899.994 2.9273303 9.074265
5780.1714 1973.4662 1915.0287 3.589788 9.107637
5783.747 1963.9508 1901.4044 3.8533983 9.08621
5787.3228 1970.9708 1910.8939 4.362086 9.103756
5790.8984 1966.5242 1906.0396 4.2124586 9.093304
5794.4746 1961.7852 1901.4695 3.8542204 9.081304
5798.0503 1966.6989 1905.0098 3.7870739 9.092275
5801.626 1952.2594 1891.9612 4.469417 9.060926
5805.2017 1961.3254 1900.8805 4.4242477 9.081841
5808.7773 1962.4993 1900.0563 4.100067 9.0836525
5812.353 1958.0061 1895.1317 4.0176196 9.073022
5815.9287 1968.1896 1907.0387 5.3032093 9.100058
5819.5044 1970.6427 1908.1405 3.6923335 9.100956
5823.0806 1944.436 1884.1051 3.8297849 9.040864
5826.6562 1931.1965 1867.2354 3.5651135 9.009624
5830.232 1970.424 1912.9098 3.6008964 9.099824
5833.8076 2049.356 2000.3862 4.6002088 9.281558
5837.3833 2043.7052 1973.987 3.3637898 9.264258
5840.959 1941.3813 1878.6373 3.5034883 9.03248
5844.5347 1926.1726 1864.632 4.504242 9.001401
5848.111 1946.4016 1884.4752 4.0204854 9.046654
5851.6865 1934.8331 1873.4324 4.210475 9.020349
5855.262 1915.9861 1854.746 4.483915 8.977411
5858.838 1918.4122 1856.2231 5.0066476 8.984753
5862.4136 1915.3431 1853.787 4.115723 8.974936
5865.9893 1911.3994 1849.6931 4.6532297 8.967274
5869.565 1889.0231 1828.9868 4.134938 8.913799
5873.1406 1833.8845 1775.6747 3.770243 8.7827015
5876.717 1808.4061 1749.1433 4.731749 8.724688
5880.2925 1846.4271 1786.472 4.069835 8.81327
5883.868 1869.5095 1807.6782 4.620358 8.869593
5887.444 1866.5398 1806.837 6.8556747 8.868461
5891.0195 1849.3336 1790.1328 7.7687774 8.830559
5894.595 1844.1968 1784.6742 8.102106 8.819685
5898.171 1853.2545 1794.6742 6.4879537 8.836805
5901.747 1859.9015 1799.2653 6.4029493 8.852057
5905.3228 1843.4476 1783.9752 6.0169625 8.811824
5908.8984 1854.3105 1793.853 5.0762086 8.835145
5912.474 1854.9413 1793.613 4.907151 8.836036
5916.05 1833.3531 1773.7068 3.0078466 8.779542
5919.6255 1841.0938 1782.0366 3.7529812 8.800321
5923.201 1840.0317 1780.0508 3.6383386 8.79736
5926.777 1829.0739 1770.6191 4.0618367 8.7726
5930.353 1830.9154 1771.5378 3.454323 8.775354
5933.9287 1821.719 1762.9495 4.3936334 8.755956
5937.5044 1807.1882 1748.797 5.168151 8.723558
5941.08 1824.592 1764.9177 3.2185543 8.759883
5944.656 1802.1786 1745.0443 3.8961186 8.70825
5948.2314 1794.7435 1735.7712 4.201736 8.691168
5951.807 1794.0549 1736.1691 4.164534 8.68939
5955.3833 1781.9596 1724.2695 4.3278623 8.660771
5958.959 1782.6829 1726.4569 5.0622463 8.664982
5962.5347 1779.6471 1724.0093 4.56253 8.655911
5966.1104 1777.5286 1720.0352 3.008769 8.646338
5969.686 1778.1702 1721.169 4.0024 8.6509075
5973.2617 1781.6456 1722.6997 4.5232563 8.660504
5976.8374 1775.8182 1716.4666 4.145345 8.645584
5980.413 1775.2421 1716.1685 4.31762 8.644845
5983.9893 1770.613 1712.7828 3.5424507 8.631208
5987.565 1761.0325 1704.0529 5.378742 8.613418
5991.1406 1763.1709 1706.0908 4.6864495 8.616513
5994.7163 1743.776 1687.1663 3.2434173 8.565546
5998.292 1747.1097 1689.7814 2.502876 8.571552
6001.8677 1736.9929 1679.389 2.9063594 8.547904
6005.4434 1743.8558 1686.8987 4.2209644 8.568483
6009.019 1740.3424 1683.3821 3.9845932 8.559067
6012.595 1743.7832 1686.0433 3.7764506 8.567072
6016.171 1733.6488 1677.7261 4.105146 8.543654
6019.7466 1718.3588 1660.8502 3.397883 8.5039625
6023.3223 1712.0171 1656.3877 3.2258594 8.48804
6026.898 1718.7982 1661.773 3.056734 8.504369
6030.4736 1709.6106 1653.7234 3.42399 8.482699
6034.0493 1718.044 1661.4474 5.1852565 8.508568
6037.6255 1718.9941 1661.4335 3.1841261 8.504838
6041.201 1740.8278 1683.1376 2.3093019 8.555769
6044.777 1732.4757 1674.5935 4.093317 8.540941
6048.3525 1728.6857 1671.93 3.387538 8.529878
6051.928 1728.8481 1672.372 3.439392 8.5300255
6055.504 1729.6412 1671.5105 3.0397987 8.531017
6059.0796 1738.227 1679.981 2.459182 8.550186
6062.6553 1722.5026 1665.1884 2.4356081 8.51165
6066.2314 1708.7291 1653.125 2.3633318 8.477833
6069.807 1712.3016 1655.4644 3.8421752 8.490963
6073.383 1709.963 1652.1724 5.2888064 8.489503
6076.9585 1705.5717 1648.5602 3.9901564 8.474612
6080.534 1708.3812 1652.5995 3.7952962 8.480861
6084.11 1702.5851 1645.0292 3.6656291 8.46632
6087.6855 1709.389 1651.9316 3.55795 8.483012
6091.2617 1709.0107 1653.0638 4.475585 8.485382
6094.8374 1689.3439 1633.6036 4.8235493 8.437527
6098.413 1678.5017 1621.8069 2.2613678 8.402881
6101.989 1695.2395 1638.9563 3.9945984 8.449775
6105.5645 1684.8903 1628.6166 4.5406265 8.425749
6109.14 1700.4495 1643.9312 2.5633252 8.458256
6112.716 1713.1405 1655.4137 3.1909907 8.491424
6116.2915 1691.4259 1634.1683 3.059366 8.437421
6119.8677 1677.0148 1619.2103 2.5706308 8.400315
6123.4434 1689.229 1633.9993 3.7438354 8.434659
6127.019 1683.6605 1629.4889 3.4945557 8.419781
6130.5947 1680.0876 1625.5776 4.195319 8.412638
6134.1704 1676.3438 1622.1034 4.227495 8.403849
6137.746 1701.7015 1643.758 2.6234024 8.461507
6141.322 1681.4423 1623.3632 3.9739945 8.415466
6144.898 1669.1942 1615.1161 3.754196 8.385266
6148.4736 1682.6768 1626.1799 3.7869537 8.418055
6152.0493 1664.9304 1608.6193 4.2369776 8.375832
6155.625 1672.4481 1618.8098 4.190088 8.3941965
6159.2007 1661.0665 1605.4517 4.5743914 8.367098
6162.7764 1664.5314 1609.5454 4.21973 8.374818
6166.352 1655.5859 1602.1974 3.5171492 8.350178
6169.9277 1667.1494 1610.6959 3.4604046 8.378993
6173.504 1652.8044 1597.5116 4.911634 8.347833
6177.0796 1646.7078 1592.4807 3.8725958 8.329192
6180.6553 1656.8956 1601.3622 4.1029015 8.355283
6184.231 1643.2224 1589.1471 4.365797 8.322455
6187.8066 1632.5609 1579.4225 3.2925448 8.292135
6191.3823 1643.1472 1589.2019 3.0542445 8.318246
6194.958 1617.526 1564.2468 5.374703 8.261126
6198.534 1620.9584 1568.0638 5.631828 8.270375
6202.11 1607.9684 1555.1785 4.239997 8.2330265
6205.6855 1613.76 1560.2837 2.6482892 8.242577
6209.261 1610.0878 1559.685 4.0444775 8.238116
6212.837 1618.2587 1566.7046 3.9670022 8.25835
6216.4126 1606.3314 1553.5884 2.5495772 8.223654
6219.9883 1585.8033 1532.3776 3.4742088 8.174918
6223.564 1597.9259 1546.1167 3.760295 8.206574
6227.14 1577.7546 1525.5583 2.8939035 8.152104
6230.716 1581.8702 1530.0823 4.502837 8.167583
6234.2915 1588.2546 1535.9131 4.09766 8.182859
6237.867 1557.2288 1507.6338 4.5956483 8.105442
6241.443 1549.7827 1498.986 3.2808156 8.081654
6245.0186 1554.0798 1500.7295 3.3918908 8.092668
6248.594 1544.7722 1495.22 3.9817395 8.070974
6252.1704 1535.3405 1486.8947 4.6546106 8.048855
6255.746 1531.969 1481.3943 3.1540315 8.03497
6259.322 1541.104 1492.7515 3.3513324 8.059783
6262.8975 1535.0084 1484.0247 2.9880478 8.042264
6266.473 1533.63 1484.7941 5.406917 8.047001
6270.049 1525.6954 1475.0204 4.058174 8.02193
6273.6245 1516.3812 1467.7014 3.4063046 7.995861
6277.2 1492.2562 1444.1355 3.9327114 7.93439
6280.7764 1466.326 1416.6061 3.383356 7.8639913
6284.352 1476.3955 1429.5332 3.3574593 7.8910136
6287.9277 1478.4033 1432.2012 3.2572002 7.8957114
6291.5034 1495.6862 1443.8652 2.9064457 7.9397483
6295.079 1493.8634 1444.7286 3.3176546 7.936641
6298.655 1477.0114 1428.9895 3.2887158 7.8923016
6302.2305 1493.8225 1445.8452 4.799109 7.9416733
6305.8066 1490.4448 1441.4146 4.5710645 7.932111
6309.3823 1478.857 1428.432 2.6652918 7.8945093
6312.958 1474.5256 1426.6837 4.5127144 7.8901277
6316.5337 1481.2771 1433.1467 4.8211126 7.908357
6320.1094 1488.9983 1440.9935 3.7270224 7.9256577
6323.685 1478.6711 1430.853 3.7868245 7.8984976
6327.2607 1471.4868 1422.5544 3.4411862 7.8784432
6330.8364 1459.2786 1411.1318 2.5232 7.8433404
6334.4126 1445.1136 1398.0477 5.6068325 7.8149724
6337.9883 1463.5883 1416.7244 3.8539977 7.8593397
6341.564 1468.5826 1421.7764 2.8464303 7.868792
6345.1396 1470.2297 1421.8486 3.139049 7.87392
6348.7153 1463.3981 1415.4579 3.350492 7.8565335
6352.291 1451.7987 1403.3303 4.692266 7.8301964
6355.8667 1437.1597 1393.3114 4.687432 7.791726
6359.443 1443.4921 1396.5562 3.6350048 7.804839
6363.0186 1444.7689 1397.8285 3.8937843 7.8092737
6366.594 1433.5322 1386.9412 4.2227435 7.7802286
6370.17 1439.595 1392.3169 3.513273 7.794162
6373.7456 1430.6621 1384.2877 3.763217 7.771284
6377.3213 1425.4027 1380.4934 3.6987946 7.7571535
6380.897 1425.6693 1380.4006 4.47586 7.7605495
6384.4727 1431.1199 1386.7827 4.687183 7.7762246
6388.049 1429.0709 1383.2611 2.9529667 7.7646227
6391.6245 1428.8308 1382.0315 4.059367 7.7673235
6395.2 1434.7611 1388.2394 3.4319346 7.7812767
6398.776 1421.5715 1375.0615 3.9052606 7.7475433
6402.3516 1423.9601 1376.7804 2.5761588 7.749255
6405.9272 1402.0898 1357.2567 4.5632973 7.697217
6409.503 1405.6675 1360.2305 4.1439734 7.7051926
6413.079 1412.3666 1369.2151 3.5956652 7.722072
6416.655 1424.6262 1377.9569 3.7790132 7.75527
6420.2305 1407.876 1362.0648 2.9441416 7.7075677
6423.806 1403.4146 1356.9175 3.3714476 7.6966124
6427.382 1418.0156 1370.2391 2.5852466 7.733085
6430.9575 1405.0582 1360.366 3.1041195 7.7006392
6434.533 1402.7899 1356.9846 2.9387193 7.6938667
6438.109 1402.9987 1357.8193 4.481286 7.699636
6441.685 1407.4291 1361.3739 3.659639 7.708754
6445.2607 1399.5747 1354.0355 4.0693116 7.6890655
6448.8364 1396.586 1352.548 2.8915987 7.67685
6452.412 1388.6584 1341.5504 4.290428 7.6602902
6455.988 1380.5571 1334.9932 3.71917 7.636062
6459.5635 1398.0175 1351.1471 2.9927742 7.6810155
6463.139 1372.5175 1328.2333 3.8219361 7.6148934
6466.715 1381.3243 1335.0056 2.0975568 7.632383
6470.291 1366.4896 1320.832 2.5529234 7.5936317
6473.8667 1362.3591 1319.6062 3.7649863 7.5872655
6477.4424 1374.8143 1329.2054 3.2098079 7.6189036
6481.018 1358.9203 1312.4806 3.8004687 7.5768733
6484.5938 1365.4209 1320.0781 4.6907496 7.598197
6488.1694 1370.9412 1327.5762 3.4557068 7.609719
6491.745 1348.0684 1302.9951 3.5471704 7.546711
6495.3213 1349.9458 1303.1471 4.148858 7.5540266
6498.897 1348.9075 1301.8232 4.223592 7.551321
6502.4727 1344.6024 1300.5288 3.573363 7.53733
6506.0483 1343.0371 1295.8893 3.8798974 7.5336723
6509.624 1339.1432 1293.0543 3.3528948 7.521318
6513.1997 1336.6625 1288.3899 2.2665105 7.510155
6516.7754 1333.3899 1288.1311 3.558645 7.5066056
6520.351 1320.6046 1275.1567 4.7884455 7.4746394
6523.9272 1308.2285 1264.793 2.5883405 7.432429
6527.503 1320.4758 1274.5133 5.2236576 7.476038
6531.0786 1312.788 1266.6321 3.015902 7.446801
6534.6543 1319.8169 1272.821 2.7080245 7.4651966
6538.23 1309.9038 1264.0803 3.3740525 7.4399548
6541.8057 1290.3982 1242.7501 3.1179178 7.384467
6545.3813 1275.7217 1230.6248 2.5445304 7.3408866
6548.9575 1270.3704 1224.8916 2.9580698 7.3272996
6552.533 1251.1862 1207.59 5.173407 7.280853
6556.109 1194.7041 1149.7604 3.1184213 7.108633
6559.6846 1149.4866 1108.9237 3.7739263 6.978203
6563.2603 1079.1836 1042.574 3.82851 6.765623
6566.836 1041.2736 1002.3394 4.412399 6.6485066
6570.4116 1057.292 1019.06866 3.8206038 6.697138
6573.9873 1121.4431 1083.4036 3.9278543 6.894992
6577.5635 1183.1797 1139.5114 2.3373892 7.072572
6581.139 1230.8231 1187.3877 3.6967795 7.2168584
6584.715 1230.4277 1185.0093 2.6050525 7.2114363
6588.2905 1257.3588 1212.8823 3.5240304 7.292746
6591.866 1251.1296 1203.527 2.8152432 7.2716947
6595.442 1250.325 1204.9347 3.4939191 7.2722054
6599.0176 1275.3182 1229.0364 3.6443374 7.344529
6602.5938 1272.5322 1225.3964 1.1987758 7.3274183
6606.1694 1272.0894 1227.1313 3.3809144 7.334442
6609.745 1285.4882 1237.8027 3.445566 7.372287
6613.321 1268.6382 1220.1448 4.1794434 7.326853
6616.8965 1265.708 1219.9036 3.0073853 7.314881
6620.472 1280.2546 1233.1547 2.9651108 7.3557663
6624.048 1274.1617 1227.6204 1.7883563 7.3341613
6627.6235 1257.6434 1212.8732 2.5946126 7.2904983
6631.1997 1247.816 1202.8684 5.5392833 7.272925
6634.7754 1259.1105 1212.3987 4.0378466 7.29974
6638.351 1264.416 1216.975 3.0833404 7.3112717
6641.927 1256.4335 1209.9044 4.1812797 7.292924
6645.5024 1260.6562 1211.7181 2.7850266 7.299291
6649.078 1249.3333 1200.6102 3.681769 7.269947
6652.654 1257.4241 1211.1115 4.1650066 7.295862
6656.23 1241.6605 1195.7212 2.8531473 7.245926
6659.8057 1248.7037 1201.3247 2.7894437 7.2657475
6663.3813 1244.5496 1197.7239 2.9914367 7.2545714
6666.957 1242.5645 1197.2671 3.8254867 7.2522945
6670.5327 1227.0607 1178.4573 3.6421156 7.206294
6674.1084 1231.1874 1183.653 4.2313876 7.22057
6677.684 1239.791 1192.9131 3.100753 7.241138
6681.26 1229.2632 1181.4406 4.737212 7.216358
6684.836 1234.8717 1186.2312 2.1893892 7.2234697
6688.4116 1238.1993 1191.3802 4.04224 7.2402525
6691.9873 1218.5547 1172.7842 3.9375622 7.1836133
6695.563 1212.4541 1164.5333 3.7652652 7.1648936
6699.1387 1217.8851 1169.9498 4.170213 7.181767
6702.7144 1228.809 1179.5642 3.9927726 7.2123995
6706.29 1213.2651 1169.8639 5.1302443 7.173471
6709.866 1211.5396 1164.3241 3.7036803 7.161978
6713.442 1211.0405 1164.3506 2.9362247 7.1580286
6717.0176 1200.5144 1152.9373 3.53245 7.129299
6720.5933 1205.342 1156.9211 4.070404 7.1454034
6724.169 1197.4816 1150.1063 3.7177541 7.1208677
6727.7446 1207.9083 1159.9589 3.3622844 7.15013
6731.3203 1215.8125 1170.6588 3.6877925 7.1750383
6734.896 1203.8054 1158.7252 3.5659864 7.1399436
6738.472 1185.3552 1140.94 3.1867633 7.083511
6742.048 1202.5835 1157.1577 3.010105 7.133641
6745.6235 1190.7919 1142.7617 2.1112993 7.0955305
6749.199 1179.9762 1129.2322 3.7717166 7.0697007
6752.775 1178.2542 1130.3219 4.4980407 7.0673923
6756.3506 1192.06 1145.1644 3.1880643 7.1035466
6759.9263 1181.6992 1135.954 2.8126748 7.071801
6763.5024 1192.4918 1147.1368 3.4247026 7.1060753
6767.078 1183.681 1136.8859 4.2730885 7.083674
6770.654 1174.7169 1128.3071 4.593594 7.057992
6774.2295 1176.0703 1127.7958 3.3185184 7.0566983
6777.805 1169.1732 1122.9767 4.4192853 7.0411615
6781.381 1184.9088 1136.5851 2.7986636 7.0808897
6784.9565 1187.9758 1141.4249 2.9729972 7.090773
6788.532 1175.1473 1125.9753 3.4911754 7.054309
6792.1084 1170.2793 1123.9563 2.4446855 7.0362844
6795.684 1166.4128 1121.4337 2.9617758 7.0277295
6799.26 1155.1277 1111.9579 2.5371695 6.9929175
6802.8354 1165.3505 1116.8302 2.253016 7.02105
6806.411 1151.9874 1104.3738 4.460461 6.9898396
6809.987 1156.9474 1108.6718 4.0199876 7.002924
6813.5625 1156.3921 1109.551 3.1442034 6.9983
6817.1387 1160.9235 1111.8517 3.1817296 7.0116
6820.7144 1156.838 1106.7389 2.705022 6.997354
6824.29 1150.6172 1102.2065 3.714875 6.98326
6827.8657 1140.0554 1091.4626 4.1013575 6.952895
6831.4414 1136.898 1090.76 4.717987 6.946189
6835.017 1135.6461 1088.5172 3.8808115 6.9391065
6838.593 1139.7965 1093.7075 3.121516 6.949025
6842.1685 1117.5936 1073.5167 3.6622446 6.8839025
6845.7446 1135.221 1089.9307 3.2078133 6.935803
6849.3203 1127.905 1078.6726 3.0220945 6.912048
6852.896 1125.6578 1079.4402 3.7089138 6.9085574
6856.4717 1115.4905 1068.2789 2.4620311 6.872441
6860.0474 1111.7537 1065.5891 3.9751718 6.867724
6863.623 1045.5908 1005.5636 3.4857032 6.661544
6867.1987 929.9247 891.9574 3.7416098 6.290873
6870.775 856.2022 815.4684 1.708287 6.0303335
6874.3506 847.2937 809.3341 3.6102593 6.0083947
6877.9263 912.15796 871.7168 2.8549938 6.2267313
6881.502 981.61914 938.2739 3.160826 6.4570293
6885.0776 988.4472 945.98 3.439146 6.480142
6888.6533 977.8135 934.6468 3.012184 6.443731
6892.229 955.07043 915.4564 2.7074528 6.368859
6895.8047 947.49524 908.6991 3.3253918 6.3466663
6899.381 969.0875 930.349 3.4750795 6.4180465
6902.9565 997.794 955.8945 3.29913 6.5098543
6906.532 1011.53284 965.8215 3.2568254 6.552748
6910.108 1015.82086 970.27216 3.5706208 6.567892
6913.6836 1020.1476 977.4841 4.1716104 6.5841885
6917.2593 1043.236 998.3654 3.7567627 6.655614
6920.835 1046.8958 1001.02747 2.475252 6.6614904
6924.4106 1051.6769 1006.35876 4.018229 6.683122
6927.987 1039.4806 995.80615 4.6200438 6.6476574
6931.5625 1046.8092 1001.267 2.988393 6.6638536
6935.138 1044.0443 996.98535 4.590378 6.661584
6938.714 1038.4634 994.7325 4.8377047 6.645574
6942.2896 1043.9287 1000.02075 4.269774 6.660222
6945.865 1055.9031 1012.3081 3.8793914 6.6964555
6949.441 1058.2434 1011.93823 2.987715 6.699359
6953.017 1055.0944 1005.49603 4.2850666 6.6951966
6956.593 1060.773 1014.5187 3.4292126 6.7098455
6960.1685 1046.7736 1000.3041 3.4613106 6.665847
6963.744 1061.2231 1014.2563 3.2206554 6.7098207
6967.32 1060.985 1013.04346 3.3554034 6.709739
6970.8955 1066.1138 1020.3472 3.2277174 6.7256174
6974.471 1072.6879 1023.9022 2.5524125 6.742649
6978.047 1049.5455 1001.9436 3.6882448 6.6755342
6981.623 1055.6896 1008.8482 4.167092 6.696764
6985.1987 1031.5552 983.80286 4.0227356 6.6206217
6988.7744 1035.9806 988.9817 3.6260662 6.6326895
6992.35 1042.4076 995.09796 4.0308266 6.6545568
6995.926 1048.5714 1001.7407 4.890272 6.6780853
6999.5015 1039.8373 993.0982 3.8315527 6.646375
7003.077 1041.6975 995.97845 3.394824 6.650219
7006.6533 1032.6517 986.7124 3.8890693 6.6238256
7010.229 1024.3481 978.67554 3.8741758 6.5978956
7013.8047 1047.1686 1000.5096 3.1762223 6.6666446
7017.3804 1033.1294 987.8137 3.4711285 6.623477
7020.956 1018.5682 972.9382 4.170629 6.580315
7024.5317 1036.1444 988.5266 3.077685 6.6311865
7028.1074 1035.7749 988.58386 3.334147 6.631475
7031.683 1030.8513 984.7929 3.5323904 6.6171093
7035.2593 1022.163 976.02454 3.3874278 6.588534
7038.835 1017.92474 970.8386 4.2690077 6.578989
7042.4106 1018.7521 971.33606 3.2173977 6.57738
7045.9863 1017.35236 972.83734 4.0363293 6.577094
7049.562 1019.9808 973.09235 4.125196 6.585057
7053.1377 1010.08954 962.9966 4.0756536 6.5537605
7056.7134 1003.8598 960.27356 4.716941 6.53757
7060.2896 1014.2107 967.78534 3.292764 6.5632706
7063.865 1009.2479 962.0218 3.2995203 6.5477104
7067.441 1009.21704 963.03217 2.6834881 6.545271
7071.0166 1006.8525 958.714 2.4698286 6.5363874
7074.5923 1014.15576 968.5174 3.3597 6.5638113
7078.168 1006.3551 960.39355 3.369604 6.5391927
7081.7437 1010.58124 963.83923 3.7360268 6.554055
7085.3193 1011.49896 963.7786 3.3905253 6.5546584
7088.8955 1008.3771 965.39136 3.2688622 6.54558
7092.471 1002.29614 955.89 3.3459582 6.5254836
7096.047 992.8051 950.35175 5.4039 6.505175
7099.6226 999.22516 954.0763 4.138768 6.5204425
7103.198 989.7972 940.69586 2.1394513 6.4795594
7106.774 993.38153 947.0558 3.2116747 6.4964905
7110.3496 992.21985 944.7375 3.2811 6.4933167
7113.926 987.3215 942.09033 3.8846781 6.480739
7117.5015 986.1985 944.70807 3.11389 6.4742613
7121.077 987.7767 942.62494 3.3234236 6.479681
7124.653 979.65155 935.2002 4.4076176 6.4586015
7128.2285 979.624 934.8246 3.5397904 6.454534
7131.804 981.5204 935.41077 3.017156 6.45837
7135.38 982.23413 937.60345 4.700483 6.468661
7138.9556 971.98425 924.9759 4.575151 6.433814
7142.5317 971.5325 923.19415 3.5217195 6.4276595
7146.1074 987.6338 937.5784 4.5588007 6.4840674
7149.683 977.60016 930.2356 3.8754385 6.448989
7153.259 961.39514 916.2037 3.2987862 6.3944016
7156.8345 958.5934 912.9562 2.8796225 6.383075
7160.41 945.6751 901.8186 2.7693026 6.340649
7163.986 930.6368 886.1361 3.535015 6.294163
7167.562 924.88837 881.7916 3.854984 6.27718
7171.1377 903.6369 862.7272 3.6274369 6.205742
7174.7134 894.56165 852.83215 3.727482 6.174682
7178.289 893.9527 851.623 3.890361 6.1733627
7181.8647 894.55664 851.48804 2.150749 6.167431
7185.4404 893.46893 850.04504 2.645576 6.165926
7189.016 892.3522 847.8117 3.0793977 6.163879
7192.592 890.31213 847.23755 2.2562733 6.1535397
7196.168 894.0223 852.371 3.1677535 6.170793
7199.7437 905.62756 860.493 3.5909324 6.211274
7203.3193 911.28467 867.9589 2.5477774 6.225871
7206.895 930.5798 889.0482 3.4490428 6.2945776
7210.4707 933.73505 888.15173 3.716468 6.3051815
7214.0464 921.6918 876.223 3.8853083 6.266215
7217.622 922.6306 880.07513 3.758089 6.269473
7221.198 915.0995 870.23083 2.9331055 6.239954
7224.774 901.6595 857.9776 3.8563795 6.1994104
7228.3496 901.9968 858.3603 4.57199 6.2039466
7231.9253 892.89154 849.75305 4.4945927 6.1728764
7235.501 889.5246 845.65125 4.2444983 6.1603017
7239.0767 889.0173 846.3732 4.011702 6.1585436
7242.6523 894.3256 851.90955 3.6066213 6.1748753
7246.228 880.31305 837.281 2.8292127 6.1229277
7249.804 880.60004 836.28235 3.388957 6.1264906
7253.38 882.22565 840.752 3.7130246 6.134338
7256.9556 877.60596 835.8431 4.0702705 6.120141
7260.5312 889.6472 845.42914 3.0762146 6.1552787
7264.107 882.52374 839.28217 2.8756905 6.1312747
7267.6826 868.2069 825.3485 4.5955014 6.089795
7271.2583 881.48096 834.1518 5.2875 6.137407
7274.8345 877.9128 832.71295 4.297595 6.1212854
7278.41 882.2816 835.5512 3.189952 6.1308393
7281.986 885.7106 839.1014 3.7180204 6.1451216
7285.5615 867.16626 827.6798 4.221533 6.085488
7289.137 879.65784 837.805 4.0123224 6.126808
7292.713 873.54034 832.3515 3.7037332 6.1043496
7296.2886 866.19904 824.8591 3.2443955 6.076827
7299.8643 876.58215 832.8336 3.5674996 6.1129875
7303.4404 883.61865 837.9726 2.9673572 6.134679
7307.016 872.91284 828.086 2.9853203 6.0984874
7310.592 880.52856 836.01666 4.820258 6.133526
7314.1675 889.23035 845.08887 4.2519755 6.160969
7317.743 880.08215 836.31335 3.9036524 6.128055
7321.319 875.7525 834.92914 4.7319803 6.1175847
7324.8945 871.50635 828.9018 4.103324 6.0995874
7328.4707 874.4079 828.71094 3.5577612 6.1062784
7332.0464 879.6332 834.25854 3.5487382 6.1242642
7335.622 882.43304 837.20245 3.863249 6.135223
7339.1978 875.8621 828.2773 4.719857 6.117207
7342.7734 870.0264 825.91766 3.249987 6.0901294
7346.349 873.97986 829.983 3.3324552 6.103958
7349.925 870.8058 826.4788 2.0978744 6.08764
7353.5005 855.3652 814.2002 3.475767 6.042211
7357.0767 857.6395 818.51215 4.8469715 6.0568943
7360.6523 862.8939 819.9037 3.1846337 6.066675
7364.228 856.6534 816.3043 3.9620554 6.0488954
7367.8037 858.8699 820.9343 2.9851403 6.052636
7371.3794 850.09235 810.0081 2.7735555 6.0212193
7374.955 846.98663 805.67395 2.9415846 6.0107102
7378.531 850.16437 801.4978 2.62862 6.0183735
7382.1064 848.92664 806.1945 3.1064858 6.017629
7385.6826 853.405 814.2499 2.8740666 6.0330105
7389.2583 851.1111 808.46484 4.0185933 6.029368
7392.834 847.17145 803.9975 3.9488256 6.0157204
7396.4097 855.026 813.0126 3.127114 6.0385036
7399.9854 846.265 805.71094 2.7239838 6.00661
7403.561 845.78375 804.40247 2.1855218 6.002375
7407.1367 842.60547 798.78326 3.4243846 5.9976907
7410.713 849.6933 802.91846 3.3193316 6.02151
7414.2886 848.1982 801.5148 4.5052276 6.02206
7417.8643 847.5593 799.33295 3.946683 6.0166984
7421.44 836.6744 796.31805 3.7087967 5.9782515
7425.0156 834.61597 793.65753 3.587499 5.9703097
7428.5913 832.6858 788.8973 3.386155 5.962709
7432.167 838.8872 796.92725 3.5378735 5.9849176
7435.7427 841.8481 796.17236 2.7810993 5.9915805
7439.319 833.91943 787.5808 3.498634 5.967565
7442.8945 830.5048 784.5298 4.435027 5.960322
7446.47 824.7353 784.15967 3.903227 5.9386277
7450.046 828.4737 782.75934 2.7931466 5.945555
7453.6216 814.7712 775.2998 4.104465 5.9041266
7457.1973 822.0903 779.8311 4.6487093 5.934278
7460.773 830.15625 785.2632 2.3549144 5.951201
7464.349 808.6563 768.5639 2.8514955 5.878287
7467.925 817.1932 771.9836 2.7831433 5.9072948
7471.5005 827.4296 781.4366 3.8817885 5.9489717
7475.076 809.6717 771.4732 3.7704282 5.886947
7478.652 806.09534 768.5461 4.147199 5.876914
7482.2275 815.4212 775.75934 3.7937992 5.9085627
7485.803 806.08 766.80994 3.5413089 5.8737645
7489.379 808.6559 766.41815 2.5425918 5.877156
7492.955 807.3444 766.07623 2.6218262 5.873039
7496.531 788.4079 750.9778 1.7836139 5.8010836
7500.1064 803.364 761.69836 1.7239333 5.854145
7503.682 797.8225 758.70026 3.5699842 5.8436446
7507.258 798.91986 760.9055 3.227394 5.846479
7510.8335 812.19336 770.95856 3.8847032 5.8977914
7514.409 795.8613 756.0198 3.5006328 5.8371882
7517.9854 791.9444 749.0878 2.7441537 5.8195124
7521.561 791.2116 752.18176 2.3740706 5.8159633
7525.1367 791.3103 755.9509 3.3600528 5.820869
7528.7124 787.43726 750.6791 3.6676226 5.808893
7532.288 771.11017 734.5004 2.794638 5.7439404
7535.864 769.4608 733.86395 3.8519602 5.7425833
7539.4395 773.3868 737.28296 3.9877803 5.759081
7543.015 778.7854 741.0378 3.6253586 5.77506
7546.5913 769.9496 729.4989 3.3572586 5.7401633
7550.167 767.2662 725.7955 2.8222432 5.7282796
7553.7427 773.7808 731.97003 3.498274 5.7558675
7557.3184 777.1289 737.4271 3.471886 5.767616
7560.894 775.5984 736.42737 2.456864 5.756678
7564.4697 771.27136 731.3941 2.8983471 5.7445164
7568.0454 762.6873 722.7227 3.6521597 5.7166047
7571.6216 712.8797 676.03754 2.8457406 5.526763
7575.1973 613.0921 576.35126 1.9656842 5.1324053
7578.773 456.86325 429.19467 3.4225821 4.454045
7582.3486 307.73566 294.65506 3.5437503 3.6946237
7585.9243 229.03719 222.51419 2.2377806 3.2000937
7589.5 216.62314 211.04317 2.58256 3.123385
7593.0757 283.8789 268.9566 3.4308724 3.546512
7596.6514 391.8026 372.21405 3.619249 4.1428585
7600.2275 474.72906 450.16998 2.6927378 4.537928
7603.803 492.842 463.19327 3.3623586 4.624739
7607.379 448.82504 423.29913 3.657538 4.4217777
7610.9546 406.3109 383.21072 3.1751509 4.21331
7614.5303 405.35785 382.5081 2.5505352 4.2031584
7618.106 418.05167 394.43915 2.9281428 4.2690754
7621.6816 442.65308 419.26428 3.9354334 4.3945737
7625.258 479.90417 455.4648 2.3514433 4.5606284
7628.8335 508.86008 481.39557 2.7808652 4.6941223
7632.409 540.507 510.2224 2.530604 4.8329015
7635.985 580.04193 547.695 1.427532 4.9934936
7639.5605 614.4241 578.061 3.0470665 5.1459303
7643.136 622.21655 587.0114 4.714417 5.187617
7646.712 641.6492 608.85236 3.7235458 5.260001
7650.2876 657.58246 623.4896 2.571171 5.316361
7653.864 662.77783 632.7101 2.6235473 5.3374157
7657.4395 694.0397 655.0344 2.4572597 5.456709
7661.015 700.08954 658.9215 3.148044 5.481538
7664.591 702.2656 663.16626 3.370795 5.492645
7668.1665 701.05896 661.54865 3.777318 5.4890013
7671.742 706.3033 665.4945 3.29304 5.5060034
7675.318 708.71893 672.8281 2.4390726 5.5122933
7678.894 716.8794 679.56506 1.9354221 5.539707
7682.4697 725.2496 685.59174 2.325589 5.573273
7686.0454 714.4425 680.1705 2.6980755 5.5352793
7689.621 717.1441 679.12555 3.856691 5.553586
7693.197 709.3088 670.2367 4.667536 5.5295877
7696.7725 711.9353 674.69604 4.452441 5.53744
7700.348 704.2841 667.3317 5.5035706 5.516328
7703.924 708.70593 667.7053 4.821474 5.5288754
7707.5 712.3897 669.9975 3.166062 5.532126
7711.0757 707.22314 669.1503 3.9140706 5.5184193
7714.6514 703.3422 661.78925 3.1993396 5.497469
7718.227 699.69714 663.257 3.4795265 5.4865837
7721.8027 702.54626 662.7303 2.2805536 5.4895067
7725.3784 711.89386 674.43445 4.5329094 5.5389314
7728.954 702.41644 668.75555 6.1698365 5.513133
7732.5303 706.6562 668.3911 3.862728 5.5159917
7736.106 702.3751 661.09454 4.704191 5.5035815
7739.6816 710.918 672.2285 3.8732033 5.5320296
7743.2573 689.2211 655.823 3.5721054 5.4477096
7746.833 698.3323 659.91974 4.0632176 5.4842052
7750.4087 678.30347 646.69666 2.6862555 5.400518
7753.9844 679.1052 647.09534 4.265081 5.413989
7757.56 694.3695 654.2279 2.9687428 5.463749
7761.136 683.9466 648.58093 4.5208416 5.430617
7764.712 689.74414 657.0082 3.3409057 5.4478846
7768.2876 684.24536 648.7659 4.8658876 5.4337597
7771.8633 689.31256 650.74426 3.1942713 5.4433126
7775.439 668.3078 638.17 4.0749536 5.369097
7779.0146 678.1823 641.9496 3.3674476 5.401418
7782.5903 671.0926 640.60834 4.256553 5.380668
7786.1665 670.24384 630.5772 3.4913921 5.369944
7789.742 677.88525 638.1951 2.584292 5.3957357
7793.318 677.5076 635.46545 3.273571 5.397116
7796.8936 661.44916 627.264 3.0330768 5.334663
7800.469 662.3374 624.7565 3.15487 5.338051
7804.045 667.0142 627.4637 3.8278863 5.361334
7807.6206 654.8018 621.36444 4.41174 5.3177986
7811.1963 660.0441 623.7139 2.1677346 5.324553
7814.7725 658.3682 625.96826 2.5056758 5.3209085
7818.348 651.7818 620.53436 3.9795732 5.3051677
7821.924 652.8703 617.7183 2.3374388 5.298358
7825.4995 655.001 615.7871 3.5447776 5.314131
7829.075 654.91187 618.3214 3.6229498 5.3149548
7832.651 649.8509 613.13336 3.0636427 5.2910194
7836.2266 648.66327 610.3057 4.1343803 5.292339
7839.8022 646.93665 611.15375 4.842903 5.291925
7843.3784 650.94324 617.6742 4.626475 5.3056016
7846.954 651.3148 616.52747 4.2519193 5.3035035
7850.53 653.7443 614.3988 3.9833133 5.3105445
7854.1055 641.0546 603.75385 3.6005392 5.2578616
7857.681 628.14655 597.17566 3.5653872 5.2080092
7861.257 639.4605 604.8887 3.6352313 5.2530556
7864.8325 645.42303 604.0148 3.7079582 5.2770123
7868.4087 639.57745 599.3183 4.0786796 5.2549534
7871.9844 629.5944 593.74506 3.8699396 5.2153077
7875.56 633.7284 596.5577 4.039816 5.233939
7879.1357 634.97205 595.49146 3.7986908 5.2371187
7882.7114 638.7563 603.32465 2.4788465 5.245139
7886.287 634.7654 595.36957 4.9597473 5.2426753
7889.863 635.5219 598.0701 4.592019 5.2455273
7893.4385 640.21265 603.31146 2.9551494 5.257394
7897.0146 627.9326 588.2669 4.948062 5.2188725
7900.5903 639.1396 601.25494 2.8835175 5.2483835
7904.166 628.97485 592.5512 2.2486463 5.204501
7907.7417 634.2084 592.88245 2.5339856 5.2257996
7911.3174 622.3304 583.537 3.4133976 5.1844153
7914.893 638.3639 597.8173 4.0713453 5.2543664
7918.4688 632.4958 594.27313 1.9211177 5.2165065
7922.045 625.3965 585.6223 2.780615 5.194896
7925.6206 619.2127 584.8262 3.618555 5.176861
7929.1963 627.5802 591.0717 2.5686955 5.2054834
7932.772 622.64294 586.74036 2.1938581 5.183781
7936.3477 618.39606 580.1979 2.3513079 5.166177
7939.9233 618.8756 579.90564 2.9038482 5.1714416
7943.499 611.20245 574.3899 3.9030845 5.1453776
7947.0747 623.87195 583.89124 1.5067179 5.1799636
7950.651 617.20074 576.5894 3.955187 5.169024
7954.2266 616.1647 580.35535 3.4584882 5.1614714
7957.8022 613.0317 574.926 2.9107196 5.1449833
7961.378 619.0081 579.61584 3.667815 5.175276
7964.9536 615.8711 578.64233 4.164204 5.1663036
7968.5293 611.2014 574.5566 3.680413 5.1436553
7972.105 608.3116 568.15564 2.918431 5.1248317
7975.681 603.0703 563.3715 4.9817386 5.1168547
7979.257 610.1981 570.131 4.111593 5.1405745
7982.8325 600.4912 561.0474 3.609391 5.097938
7986.408 597.9432 558.8264 2.7603605 5.0824165
7989.984 609.5025 568.6253 2.191188 5.126408
7993.5596 602.705 563.1117 2.9677222 5.1037655
7997.1353 595.0302 556.7513 2.3720329 5.068504
8000.711 597.09906 562.67255 3.4817202 5.0869956
8004.287 594.32904 561.32056 4.3540654 5.0814614
8007.863 588.1117 551.44946 3.831636 5.050839
8011.4385 592.2502 555.2232 2.6789603 5.060857
8015.014 585.572 546.11127 3.4913518 5.037219
8018.59 591.02155 550.046 2.423908 5.0526047
8022.1655 599.416 557.9192 2.0362823 5.0845966
8025.741 592.0384 554.02313 3.3473377 5.0651364
8029.3174 587.16406 544.7045 2.4362295 5.0365834
8032.893 584.7802 544.91547 3.3657062 5.0330305
8036.4688 583.11865 548.1483 2.710228 5.0234246
8040.0444 581.0668 540.1613 1.6560785 5.005868
8043.62 581.13696 542.7428 3.1478314 5.0168824
8047.196 588.1072 545.4898 2.995915 5.0447955
8050.7715 573.7094 530.9943 1.7247212 4.974843
8054.347 589.2053 547.1875 2.93415 5.048687
8057.9233 575.2174 539.39417 3.3934026 4.9928613
8061.499 569.00824 532.8851 2.238566 4.9612236
8065.0747 575.44086 538.04004 1.9533197 4.985576
8068.6504 570.0796 531.1513 2.2545881 4.9664125
8072.226 575.35333 536.00635 2.471699 4.990067
8075.802 578.24194 539.32306 2.8564146 5.004468
8079.3774 572.7392 534.18756 2.0276794 4.976148
8082.9536 569.3472 527.99164 2.3711896 4.9623747
8086.5293 566.5261 525.2624 1.978424 4.9484305
8090.105 567.375 527.235 2.0545895 4.9524174
8093.6807 572.6112 530.88574 3.3713386 4.9826665
8097.2563 565.624 527.3318 2.4531324 4.948093
8100.832 556.1785 520.80536 1.7639803 4.9043765
8104.4077 554.22205 517.54895 2.0919187 4.8982944
8107.9834 549.3403 511.61517 2.425774 4.879169
8111.5596 545.40857 508.531 2.3123367 4.862826
8115.1353 538.2923 505.12338 0.7613439 4.8210917
8118.711 542.43604 503.5767 2.0415702 4.847448
8122.2866 535.3655 499.6269 2.270165 4.818384
8125.8623 535.7833 497.63187 3.1241238 4.8268094
8129.438 528.54285 488.65677 2.3084135 4.788735
8133.0137 528.28345 492.70178 2.1601384 4.787794
8136.59 521.09814 482.26376 3.119493 4.762172
8140.1655 512.0683 476.1486 3.31687 4.724476
8143.741 520.0435 480.63458 4.5498896 4.766422
8147.317 515.80743 480.7837 3.1646786 4.7403493
8150.8926 519.6217 484.852 1.8841386 4.7493296
8154.4683 514.433 478.28546 1.3156283 4.7207794
8158.044 518.3533 482.16525 2.219035 4.7468047
8161.6196 520.24304 476.35806 2.8249872 4.7574286
8165.196 518.31445 479.33038 2.7577481 4.74901
8168.7715 521.60455 483.64572 2.1052704 4.758076
8172.347 519.6067 476.2697 2.2130184 4.7499332
8175.923 524.1717 485.38324 1.8266355 4.7693224
8179.4985 527.2196 497.3715 2.0670817 4.7871795
8183.074 519.44794 488.68094 2.6368825 4.7572575
8186.65 516.3279 480.2956 1.4091568 4.733846
8190.226 520.09125 484.33545 0.9075771 4.748686
8193.802 519.9002 482.34677 1.9879025 4.7546864
8197.377 504.71002 467.4059 3.0731075 4.695485
8200.953 490.7732 456.24854 2.0651267 4.6236095
8204.529 475.01364 441.50354 2.2888083 4.555484
8208.1045 486.9085 445.72076 2.8078606 4.6113286
8211.681 492.21814 457.43436 3.128488 4.637539
8215.256 500.63846 462.54346 2.186231 4.6671467
8218.832 499.37662 464.03098 2.48283 4.6637435
8222.407 499.68546 465.49487 2.3263335 4.6671686
8225.983 506.72678 469.41534 3.522191 4.707947
8229.559 499.06375 466.8686 3.8051963 4.6764655
8233.135 499.01398 465.79178 3.0040042 4.673076
8236.711 521.778 476.58362 1.8450083 4.760626
8240.286 502.91614 466.4893 2.369015 4.6797147
8243.862 499.96753 467.8158 2.8191304 4.6726055
8247.4375 503.12048 463.89087 2.6213267 4.683136
8251.014 497.3134 456.6125 3.140504 4.660504
8254.589 497.06198 455.12027 2.8634193 4.65837
8258.165 497.0389 456.20413 2.6969361 4.6571326
8261.741 497.92978 458.0634 3.1017656 4.6631317
8265.316 491.91193 451.36407 3.389142 4.6377974
8268.893 489.35916 453.71365 5.159626 4.641431
8272.468 490.7704 453.33255 4.606012 4.6428823
8276.044 504.2726 465.6611 3.1290648 4.693237
8279.619 500.52014 459.93652 4.357541 4.684543
8283.195 496.31042 455.7836 3.3732562 4.6571536
8286.771 491.64557 452.39368 3.183644 4.636571
8290.347 485.38248 441.80182 3.4621572 4.608362
8293.923 484.6987 447.69247 3.1330564 4.6050572
8297.498 477.08475 439.11166 2.4761798 4.565027
8301.074 477.5835 442.94846 2.1031497 4.564576
8304.649 480.06 443.68942 1.5006542 4.571298
8308.226 474.98526 439.08353 2.6944287 4.5597196
8311.802 470.37738 435.65298 3.2106957 4.5419674
8315.377 477.10098 435.92175 2.6559424 4.566107
8318.953 471.83853 433.81638 3.3971164 4.547788
8322.528 457.83737 429.2899 4.9815316 4.4968257
8326.1045 453.54718 424.96823 5.4558 4.482814
8329.68 455.5426 424.20596 3.9668295 4.480787
8333.256 458.69904 427.44617 2.4369407 4.4824347
8336.831 460.48557 426.11505 2.782862 4.494403
8340.407 467.63416 428.98804 2.8546796 4.5265155
8343.983 463.07468 431.2321 2.1176546 4.501603
8347.559 476.1022 434.40842 2.5261 4.5632052
8351.135 464.70834 428.1181 2.5486388 4.511318
8354.71 466.30115 424.6631 1.29091 4.5090203
8358.286 475.62024 436.09857 1.5032338 4.552944
8361.861 473.8603 434.62448 1.9850872 4.549949
8365.4375 476.09213 436.55374 2.229501 4.562708
8369.014 467.53473 430.82803 3.8765857 4.5365844
8372.589 469.72055 428.31134 4.3123517 4.5485415
8376.165 470.41458 431.41586 3.7250419 4.5479174
8379.74 468.12656 430.52243 3.8294277 4.5371704
8383.316 459.0103 423.50266 3.7684486 4.494971
8386.892 457.90714 422.3473 3.2523284 4.488193
8390.468 469.4659 427.74768 3.2128124 4.541189
8394.044 465.69897 426.1641 2.8079531 4.5201287
8397.619 465.00134 426.34125 2.4234202 4.512842
8401.195 467.66467 430.11838 3.3042753 4.534703
8404.7705 465.45703 426.19635 3.0451903 4.5216026
8408.347 462.20282 423.99542 4.457156 4.517503
8411.922 456.58374 418.4408 3.6655033 4.4850245
8415.498 455.23407 417.50415 2.5080366 4.4691443
8419.074 454.5962 421.01566 2.7519977 4.4699893
8422.649 449.25876 419.39493 2.605081 4.4446464
8426.226 455.7 414.87106 2.9504933 4.47483
8429.801 452.6614 417.33435 2.9821584 4.461062
8433.377 466.3078 422.5084 2.0545447 4.5150046
8436.952 460.24905 415.38293 3.5957327 4.4987154
8440.528 446.55347 408.83636 3.527135 4.436991
8444.104 455.32236 414.41214 2.487425 4.470376
8447.68 453.93073 414.5344 3.0784438 4.468258
8451.256 447.14026 409.5571 2.2420273 4.430058
8454.831 450.37338 413.62372 2.1976845 4.4461484
8458.407 444.1258 409.84903 2.0957222 4.415621
8461.982 433.96408 397.73505 1.9741024 4.3651004
8465.559 444.69708 403.652 2.7859914 4.422308
8469.134 439.5583 404.37048 1.9778088 4.3939033
8472.71 441.18124 403.7137 3.0605662 4.411499
8476.286 443.31137 403.9379 1.8599963 4.4094715
8479.861 438.4977 400.97925 3.4533875 4.39976
8483.4375 437.4518 398.2808 3.0961618 4.393385
8487.013 436.75992 399.4287 2.429378 4.383856
8490.589 431.39362 395.45593 3.4089575 4.365623
8494.164 432.7304 392.1466 3.5261395 4.374325
8497.74 444.00647 400.22238 2.487018 4.420145
8501.316 440.75513 401.0932 1.9664328 4.3999624
8504.892 430.97037 391.57715 2.2871459 4.355605
8508.468 438.39673 394.3765 1.856603 4.3859763
8512.043 432.17023 395.6463 1.2336034 4.352214
8515.619 416.316 385.30197 2.8794243 4.294096
8519.194 423.4695 385.7481 2.654267 4.3240967
8522.7705 439.351 394.592 2.267004 4.3947105
8526.346 424.9069 389.55264 2.1023326 4.326915
8529.922 430.50824 391.8856 3.5770254 4.3656473
8533.498 434.1929 386.62228 2.5621595 4.373292
8537.073 425.58517 386.68307 2.6755924 4.333789
8540.649 419.5721 381.6135 2.2446074 4.301883
8544.225 419.53253 381.9868 1.1313078 4.292834
8547.801 418.09814 381.68652 1.993004 4.294772
8551.376 416.26312 378.73972 2.4245377 4.2889566
8554.952 422.25485 384.23767 2.1585097 4.3160677
8558.528 422.88116 383.96555 2.8766031 4.3273835
8562.104 410.22443 375.34244 2.8529623 4.263946
8565.68 409.59406 372.8329 2.6770031 4.2586303
8569.255 412.72635 377.36768 1.8627164 4.265991
8572.831 413.25027 372.17606 3.421907 4.2825575
8576.406 406.89752 375.49487 2.2385988 4.2430577
8579.982 414.4922 371.06778 2.2436597 4.277601
8583.559 414.77533 380.0412 2.4855282 4.282111
8587.134 411.54242 373.5303 2.8760953 4.269829
8590.71 405.03687 372.12643 2.7222962 4.2384973
8594.285 405.5463 373.20798 2.6608407 4.24143
8597.861 409.0122 371.3376 3.2356725 4.2615857
8601.437 402.68845 364.12854 2.807597 4.22607
8605.013 399.0658 359.745 2.5351412 4.2063136
8608.589 401.19357 364.84592 3.5169349 4.225155
8612.164 400.73828 361.40143 3.5042818 4.2217007
8615.74 403.24844 359.32788 3.6692975 4.2354264
8619.315 395.3807 357.10266 3.8908162 4.2021008
8622.892 402.54773 364.5789 3.255437 4.2303886
8626.467 389.8139 356.74774 4.3324256 4.1827126
8630.043 397.0139 361.3778 3.3151736 4.2070994
8633.618 401.19504 360.92297 2.9232984 4.222832
8637.194 391.617 357.87476 3.3340094 4.180099
8640.7705 394.89038 358.60693 3.372354 4.193281
8644.346 383.14902 349.91806 4.091381 4.1422386
8647.922 380.27856 346.02942 4.7775683 4.135656
8651.497 394.11884 352.42584 4.5723357 4.2003236
8655.073 388.84433 351.3017 3.7542222 4.1687174
8658.648 385.54504 348.60992 3.0351026 4.147161
8662.225 388.463 352.93707 3.3047163 4.162697
8665.801 384.01514 353.3703 3.0079012 4.141044
8669.376 391.69125 347.76248 2.7210228 4.1734276
8672.952 387.4135 351.7925 2.171312 4.1515026
8676.527 384.2665 347.47134 1.809896 4.1279826
8680.104 389.24017 351.39877 2.1403747 4.1570654
8683.679 383.158 345.56146 3.4980602 4.140271
8687.255 375.9903 338.4703 3.3676639 4.1010685
8690.831 383.8717 346.21216 2.329531 4.132514
8694.406 383.2168 348.0772 2.392921 4.133052
8697.982 378.70328 343.33508 2.7628763 4.1125445
8701.558 381.1567 341.67847 2.221868 4.117998
8705.134 378.0378 338.25403 1.4998976 4.0966673
8708.709 373.95004 338.33173 1.7705044 4.077102
8712.285 366.5793 336.11404 2.7568374 4.0479918
8715.861 372.32855 336.26788 2.3558497 4.076541
8719.437 373.41956 336.56592 0.6535185 4.0668893
8723.013 370.81146 335.64575 1.3979442 4.05915
8726.588 375.68826 333.26965 1.0389687 4.08159
8730.164 365.1433 329.4465 1.8727041 4.035729
8733.739 353.01495 320.5133 1.665543 3.9695103
8737.315 360.04993 323.73114 1.9556072 4.007461
8740.891 369.55267 332.25916 2.7318232 4.066065
8744.467 363.08774 327.51767 2.9953544 4.0354123
8748.043 358.78555 324.28027 4.165256 4.023467
8751.618 367.6614 330.00812 4.6240244 4.074248
8755.194 371.20752 330.07727 3.529103 4.081075
8758.77 362.62753 327.39774 4.487014 4.048332
8762.346 345.47324 317.47455 4.973707 3.9631543
8765.921 355.20233 321.4864 2.5089192 3.9902475
8769.497 352.5403 322.1156 3.8918834 3.992423
8773.073 353.4296 319.065 2.931148 3.984238
8776.648 353.00302 317.3567 2.158314 3.975516
8780.225 351.7647 316.73843 1.6268083 3.9639752
8783.8 352.9201 316.84686 1.8123991 3.9725716
8787.376 351.5658 314.4506 2.7263677 3.9750164
8790.951 350.0369 314.74576 1.976158 3.9598699
8794.527 350.9088 316.09058 1.3530576 3.959382
8798.104 347.97183 311.96307 2.4333067 3.9538598
8801.679 343.8361 310.508 2.207984 3.929755
8805.255 346.07532 311.7556 2.1082542 3.940346
8808.83 348.40466 317.00485 2.9313471 3.9627123
8812.406 350.49335 314.18237 4.5035157 3.9856021
8815.981 347.59457 307.4877 4.2343326 3.9654775
8819.558 341.41785 305.6947 4.6801367 3.9407938
8823.134 341.65723 306.0928 5.667072 3.9523244
8826.709 340.86096 303.32596 5.179971 3.941355
8830.285 338.0204 303.59692 2.9530518 3.9078758
8833.86 339.3279 307.74252 1.7089764 3.9030876
8837.437 336.83942 305.42123 2.8093765 3.8985019
8841.012 334.10156 301.00552 2.8038373 3.885032
8844.588 336.53525 300.92932 1.5255674 3.8850546
8848.163 327.6462 295.4278 2.7535946 3.8519177
8851.739 321.07782 292.38693 3.0389533 3.8212497
8855.315 325.8588 294.71436 2.3430734 3.839588
8858.891 336.7342 298.04852 1.2095073 3.8838942
8862.467 328.69348 293.81427 1.8931648 3.8458228
8866.042 327.69882 296.7007 2.3854227 3.8488567
8869.618 327.20154 294.58325 3.6733382 3.861335
8873.193 329.1554 288.66388 3.6725311 3.8671849
8876.77 328.39496 289.62198 2.9684548 3.8560045
8880.346 323.864 288.20648 3.5576987 3.8393328
8883.921 322.84085 287.9459 3.9728606 3.837931
8887.497 320.0119 287.51773 2.1783066 3.8037932
8891.072 319.12256 283.00818 0.4365059 3.778413
8894.648 322.20483 294.3348 2.6507926 3.8257587
8898.224 311.5058 286.82602 4.606646 3.7913406
8901.8 315.42685 284.12082 2.7399833 3.786537
8905.376 319.42426 285.38184 3.8951402 3.8224735
8908.951 315.4551 279.29294 3.6744964 3.7934194
8912.527 313.0241 279.70715 4.228516 3.7861247
8916.103 313.03458 280.84354 4.160848 3.7886386
8919.679 313.62006 280.3719 3.362786 3.7844183
8923.254 312.62662 279.32437 1.7210836 3.7596574
8926.83 305.53748 272.1425 1.7422708 3.718904
8930.406 299.71655 272.20804 2.8432884 3.7031405
8933.981 304.52652 278.10968 2.217256 3.7256317
8937.558 304.4213 268.86856 2.603011 3.721846
8941.133 292.79883 266.3836 2.5172315 3.6574929
8944.709 296.8203 265.42096 2.2846076 3.6801717
8948.284 297.61014 261.75955 2.37506 3.6824453
8951.86 283.56723 252.9087 3.3525162 3.613095
8955.436 288.7832 252.62958 2.9296517 3.635775
8959.012 284.50287 250.21504 3.48643 3.6190095
8962.588 274.12943 245.6713 3.127897 3.5581653
8966.163 272.73083 246.98372 2.456125 3.5430896
8969.739 282.02432 253.04185 2.4678538 3.5967863
8973.314 286.25485 250.85736 1.7696956 3.6106644
8976.891 274.8643 242.65988 1.3582058 3.5405905
8980.466 267.00745 239.23415 1.8792112 3.5050917
8984.042 269.72043 234.24982 1.9748939 3.5184095
8987.618 268.84308 235.29466 2.938446 3.524227
8991.193 273.14728 243.69662 2.6473682 3.5472271
8994.77 274.87854 240.89531 1.1936584 3.53821
8998.345 274.33966 244.10655 3.1641622 3.564143
9001.921 264.85733 235.74098 2.6094835 3.4974673
9005.496 268.1329 236.63934 1.230651 3.5007577
9009.072 261.04358 234.14232 1.9761034 3.4684405
9012.648 263.61887 234.21902 2.162653 3.4849539
9016.224 270.62744 237.15436 1.0743991 3.5136805
9019.8 266.243 234.25633 1.8477298 3.4996705
9023.375 265.9539 234.05296 3.2612002 3.5159402
9026.951 267.49036 239.19191 2.4441872 3.514871
9030.526 268.72495 241.92438 2.171083 3.5209548
9034.103 272.589 240.02928 2.9504821 3.5493426
9037.678 271.70987 243.24524 2.2994215 3.5417674
9041.254 272.56 242.23265 3.0151117 3.552777
9044.83 266.86282 237.7786 2.7723927 3.5150683
9048.405 269.50748 234.25687 1.9170022 3.5179574
9051.981 262.65015 232.82358 1.9347513 3.4799383
9055.557 254.2256 227.38231 2.8996973 3.4417434
9059.133 263.20792 230.44298 1.5219005 3.4776418
9062.708 259.13724 231.17148 1.3281379 3.4534276
9066.284 250.85043 226.20905 1.5705776 3.4046707
9069.86 253.84851 223.81442 1.4733446 3.41978
9073.436 246.2912 218.28229 2.3072739 3.385837
9077.012 240.74617 213.85535 0.9460717 3.3316712
9080.587 243.40231 214.90019 1.0643245 3.3514426
9084.163 241.5505 217.1901 2.1059859 3.3546064
9087.738 239.88046 216.99501 2.9481928 3.359604
9091.314 250.60912 218.83305 -0.17899124 3.3809707
9094.891 250.33115 217.99577 2.0912628 3.405483
9098.466 242.20053 214.52899 2.0524428 3.3597546
9102.042 250.15811 221.19362 1.9917889 3.4083004
9105.617 252.52522 219.37842 2.8055766 3.432073
9109.193 250.77068 220.30739 2.4841144 3.4186022
9112.769 252.10236 218.8139 0.5523277 3.3986895
9116.345 249.39986 214.91197 0.33163452 3.3799114
9119.921 250.22194 219.86263 0.71513355 3.394883
9123.496 245.09146 217.66908 0.47546178 3.3597622
9127.072 232.65953 211.8025 1.5875015 3.2982168
9130.647 241.60597 214.8007 0.59359735 3.338304
9134.224 237.23436 209.46342 1.9147716 3.3271706
9137.799 231.17177 204.61275 2.20281 3.2941506
9141.375 232.9113 207.61461 2.058197 3.3029218
9144.95 243.13795 211.97339 1.5076061 3.3595462
9148.526 228.72856 203.15025 2.2008667 3.2816844
9152.103 228.51831 201.7515 2.1313925 3.279492
9155.678 235.5053 203.92421 0.9557164 3.30542
9159.254 236.89703 205.14449 1.4950827 3.3197184
9162.829 235.01398 204.19595 1.2908506 3.3075428
9166.405 231.53893 204.53969 0.9216561 3.283832
9169.98 228.96558 201.57016 1.2123805 3.267701
9173.557 229.6983 196.62651 1.1323203 3.2684784
9177.133 231.21185 200.92226 1.5263455 3.288217
9180.708 228.7534 203.02531 1.4426008 3.2710867
9184.284 224.96518 199.04463 1.9100529 3.2517118
9187.859 223.77626 199.39153 1.9305973 3.2504082
9191.436 226.57222 196.66415 -0.1367095 3.233224
9195.011 227.31772 200.78984 2.3022056 3.277359
9198.587 219.0039 192.40884 1.4661896 3.210906
9202.163 224.69612 195.75522 1.0362736 3.2401197
9205.738 219.70934 193.79279 2.1897929 3.2202547
9209.314 212.15921 190.30157 1.8472662 3.171071
9212.89 213.52356 190.45142 1.5763338 3.178412
9216.466 213.03355 190.45515 2.1901236 3.1837125
9220.041 215.61903 187.99867 2.5852702 3.204109
9223.617 214.0921 185.94263 1.714571 3.1798813
9227.193 206.11447 183.36057 2.3523467 3.1402712
9230.769 206.85963 183.06528 3.2975492 3.160027
9234.345 207.57036 183.2153 1.9238855 3.1421227
9237.92 201.64815 181.06216 2.4902964 3.1161275
9241.496 202.59128 185.3713 2.6912963 3.1300695
9245.071 207.17593 184.75621 0.9957392 3.127469
9248.647 209.90459 187.22137 2.5332842 3.1694362
9252.223 206.65057 183.7377 2.0999231 3.1378858
9255.799 205.9753 179.6474 1.8173498 3.1305602
9259.375 214.57437 183.22977 1.2133763 3.1780381
9262.95 204.81421 181.31357 1.6737459 3.1227643
9266.526 209.26923 182.01694 1.4042249 3.1475601
9270.102 203.50926 177.9206 1.6217958 3.1096327
9273.678 195.84402 175.96364 2.0629787 3.0694194
9277.253 190.39403 170.2168 2.1098516 3.0312324
9280.829 192.7265 167.52611 1.7353607 3.0398312
9284.405 184.06572 165.06653 2.394148 2.9941542
9287.98 182.92558 163.96707 3.17222 2.9976985
9291.557 185.18687 162.13678 2.5602071 3.0015912
9295.132 179.4518 157.8738 1.3499441 2.9429326
9298.708 174.77397 157.25385 2.6008663 2.9313626
9302.283 171.62611 155.19688 3.7946749 2.93021
9305.859 177.80666 150.66457 2.354715 2.9435217
9309.436 170.09805 146.74797 3.7046483 2.9046533
9313.011 166.5849 144.19745 3.7836554 2.8814576
9316.587 158.03107 135.59995 3.651533 2.8132434
9320.162 158.28601 132.18309 2.3305252 2.7913465
9323.738 152.83363 129.59247 1.5268705 2.7404149
9327.313 149.576 130.57724 2.7925322 2.7402475
9330.89 147.47981 129.63489 2.4826245 2.7194366
9334.466 145.14276 124.6209 1.4987595 2.6839893
9338.041 142.71274 123.784645 2.5951154 2.6773732
9341.617 144.82135 120.942024 1.6397473 2.6772392
9345.192 143.6217 122.39542 1.3698072 2.6673174
9348.769 139.60492 120.28174 2.205472 2.6531842
9352.344 144.55527 125.27835 1.8859752 2.6917713
9355.92 143.77377 125.34519 1.8196526 2.679425
9359.495 147.01024 123.48328 0.5201569 2.6836252
9363.071 140.63354 122.77709 1.8752594 2.6593761
9366.647 147.03934 127.38936 3.7304707 2.7369537
9370.223 146.4736 124.05921 4.1375217 2.7359304
9373.799 143.64221 122.70298 3.511859 2.7019792
9377.374 145.58453 125.303505 4.0257277 2.726794
9380.95 145.09526 126.609116 3.7817092 2.724246
9384.525 150.89255 130.87592 1.8182535 2.7420952
9388.102 155.13788 133.93536 1.337713 2.7663257
9391.678 155.15173 136.51392 0.9485741 2.7622414
9395.253 150.76918 136.54527 1.6835413 2.7436006
9398.829 154.86923 136.56757 2.3486404 2.7830057
9402.404 155.09589 132.25267 2.0651107 2.7794673
9405.98 149.92885 130.26988 2.4406717 2.7443647
9409.556 145.64932 127.02058 1.8023412 2.699381
9413.132 145.7558 124.76646 2.1418107 2.7004426
9416.708 143.65277 125.2691 3.4455097 2.7155447
9420.283 135.52039 117.36233 2.8831642 2.6381514
9423.859 129.45674 115.101006 2.5541763 2.5891235
9427.435 126.95465 108.62461 2.5644667 2.5576408
9431.011 131.11194 111.14482 2.9648347 2.6003842
9434.586 119.12816 104.38734 2.872497 2.4993594
9438.162 118.825005 103.55678 2.9590049 2.49839
9441.737 119.67984 104.11919 3.0475233 2.507698
9445.313 123.376625 107.259544 1.7567503 2.5184765
9448.89 121.70914 106.11199 2.7506938 2.524089
9452.465 119.66391 104.1861 2.4744735 2.501839
9456.041 125.67308 104.679955 2.0104866 2.538163
9459.616 127.6308 109.62371 2.0830517 2.5604854
9463.192 132.92882 112.30601 1.4863325 2.5939016
9466.768 126.779366 112.783806 3.3969207 2.586803
9470.344 122.71253 107.74121 3.773064 2.555709
9473.92 127.22112 113.17345 3.0868654 2.57449
